QM Energy	FF Energy
     0.000306188     0.000276755
      0.00096515     0.000864247
       0.0096488       0.0104966
       0.0109603        0.012158
       0.0072522      0.00677447
      0.00656038      0.00662055
      0.00187552      0.00190385
       0.0132023       0.0140015
      0.00826203      0.00769381
       0.0018954      0.00168076
      0.00240731      0.00246726
     0.000581034     0.000597501
      0.00240201      0.00239263
      0.00105481      0.00102685
       0.0193374       0.0201038
       0.0281023        0.027253
      0.00251913      0.00253774
     0.000887248     0.000674211
      0.00255149       0.0030465
      0.00043145     0.000446387
       0.0125142       0.0133561
     0.000344896     0.000312885
       0.0151589       0.0142561
      0.00552369      0.00508566
       0.0151278       0.0156893
      0.00295547      0.00305746
      0.00117252      0.00127685
       0.0348052       0.0352517
     0.000579842      0.00045122
      0.00405342      0.00422603
      0.00291667      0.00268985
      0.00447155      0.00462755
       0.0146206       0.0162525
     0.000651983     0.000661301
       0.0571993       0.0577694
      0.00768616      0.00752901
     0.000295761     0.000274011
     0.000650856     0.000659883
      0.00233722      0.00221143
      0.00239639       0.0022205
     0.000933629     0.000742807
      0.00428125      0.00436857
     0.000233362     0.000286385
     0.000721745     0.000774468
      0.00282901      0.00293772
      0.00600624        0.005665
       0.0192799       0.0191931
       0.0345188       0.0322814
      0.00772641      0.00860291
       0.0790256       0.0798025
       0.0236679       0.0247991
      0.00465913      0.00427694
      0.00298825      0.00278839
       0.0161189       0.0155472
     0.000361324     0.000345571
     0.000389632     0.000397806
     0.000638242     0.000621973
      0.00408565      0.00392119
       0.0154901       0.0154352
      0.00148279      0.00158228
       0.0195011       0.0184195
      0.00134119      0.00123996
     0.000951997      0.00079408
      0.00480275      0.00469807
     0.000598122     0.000524257
     0.000359904     0.000317992
      0.00637384      0.00647025
      0.00180352      0.00178788
     0.000605297     0.000552807
      0.00389449      0.00391598
       0.0031139      0.00272134
      0.00798803        0.009029
      0.00838548      0.00853184
       0.0159109       0.0155693
       0.0123463       0.0120919
      0.00131758      0.00131557
      0.00983469      0.00941465
     0.000985432      0.00103021
      0.00114592     0.000992893
      0.00077375     0.000740368
       0.0048083      0.00486808
     0.000940701     0.000862352
      0.00724514      0.00664301
      0.00929012      0.00953146
      0.00369643      0.00352263
       0.0248683       0.0253131
      0.00488857       0.0044362
      0.00346755      0.00328722
       0.0157718       0.0161702
       0.0184881        0.018316
      0.00382136      0.00358664
      0.00351514      0.00339092
     0.000422809     0.000363953
       0.0176918       0.0162136
     0.000542276     0.000477468
        0.005127      0.00532114
       0.0219935       0.0228979
      0.00253396      0.00245037
      0.00195256      0.00188048
      0.00242406      0.00209613
        0.022082        0.021066
     0.000414267     0.000320385
       0.0076492      0.00742903
       0.0168032       0.0170813
      0.00215482      0.00237755
       0.0013114      0.00131123
      0.00484794      0.00444961
      0.00250721       0.0025671
     0.000308478     0.000271426
       0.0037687      0.00370468
       0.0113775       0.0107889
       0.0167399        0.017845
     0.000448393     0.000395131
       0.0144484       0.0130974
     0.000562785     0.000395918
     0.000500339     0.000409452
      0.00376992      0.00338237
      0.00149253      0.00151072
     0.000390566     0.000349927
       0.0062279      0.00679531
      0.00396597      0.00383954
      0.00107403      0.00115508
     0.000364307     0.000354794
      0.00122895      0.00118564
      0.00773296      0.00686318
       0.0171109       0.0189032
      0.00772177      0.00769044
      0.00388986      0.00396783
       0.0103515       0.0110966
      0.00552261      0.00573046
     0.000416454     0.000362019
      0.00140264      0.00135618
       0.0233379       0.0221029
      0.00365082      0.00379145
      0.00326661      0.00302817
      0.00459471       0.0049103
      0.00346319      0.00321291
     0.000575001     0.000459852
      0.00594235      0.00570107
        0.023386        0.024157
      0.00101196     0.000891076
     0.000695505     0.000623115
     0.000373127     0.000434476
     0.000687588     0.000664023
      0.00747712      0.00743076
       0.0258013       0.0275102
       0.0320942       0.0329608
      0.00113024      0.00111013
     0.000715166     0.000634888
      0.00189324      0.00199074
       0.0031182      0.00354753
     0.000369274     0.000347482
      0.00116666      0.00119085
       0.0106819        0.011055
       0.0122374       0.0123083
       0.0193402        0.018882
       0.0154103       0.0149774
       0.0154329       0.0149959
      0.00251118      0.00239361
      0.00650946      0.00613838
     0.000899809     0.000864195
      0.00321957      0.00323996
      0.00147146      0.00137382
     0.000823573     0.000756911
         0.00799      0.00798069
      0.00121528       0.0012765
      0.00110155      0.00104817
      0.00323951      0.00312103
       0.0025664      0.00243572
      0.00266673      0.00261288
      0.00105994      0.00127267
     0.000360829     0.000358048
      0.00475787      0.00457389
       0.0111981       0.0106457
      0.00710803      0.00801924
      0.00027612     0.000243752
       0.0185153       0.0199194
      0.00359468      0.00341067
       0.0138064       0.0121477
      0.00378874      0.00386579
       0.0311542       0.0321095
     0.000621642     0.000580788
       0.0274831       0.0269039
       0.0436201        0.042573
      0.00374607      0.00374902
      0.00143446      0.00135581
      0.00712128      0.00754778
       0.0121212       0.0114838
     0.000301703      0.00026222
      0.00070281     0.000632554
      0.00128777       0.0013491
      0.00170058      0.00176743
     0.000595268     0.000655357
      0.00293192      0.00289577
       0.0041798      0.00414456
     0.000509955     0.000442923
       0.0289789        0.029397
      0.00223729      0.00228816
      0.00157277      0.00138225
      0.00612214       0.0059407
     0.000374469     0.000312953
       0.0517012       0.0519841
       0.0442211       0.0454731
     0.000629271     0.000640665
      0.00137953      0.00136716
       0.0262901       0.0270662
      0.00152586      0.00132215
      0.00380788      0.00379775
      0.00282182        0.002692
     0.000430318     0.000379166
     0.000221578     0.000222193
       0.0175668       0.0184032
      0.00170732      0.00165162
     0.000466476     0.000387561
       0.0270423       0.0272209
       0.0182172       0.0180397
       0.0325688       0.0328472
     0.000793478     0.000801149
     0.000479615     0.000484192
      0.00639527      0.00589513
      0.00198384      0.00189775
      0.00104343      0.00103016
     0.000891909     0.000869784
      0.00225652      0.00252206
       0.0129441       0.0125047
       0.0134407       0.0125917
      0.00019247       0.0001709
      0.00148009      0.00144562
      0.00328297      0.00327555
      0.00306386      0.00265338
      0.00265691      0.00252296
      0.00109278      0.00102129
     0.000520655      0.00050776
      0.00330318      0.00336639
     0.000444664     0.000409568
      0.00989987       0.0095033
       0.0218876       0.0215816
       0.0163199       0.0161839
     0.000308431     0.000273049
     0.000395331     0.000335737
      0.00149088      0.00139939
     0.000708763     0.000639881
       0.0357947       0.0344781
     0.000289166     0.000246613
     0.000472061      0.00042812
      0.00522293      0.00494255
      0.00407636      0.00401891
      0.00327808      0.00345759
      0.00151716      0.00153312
      0.00043878     0.000443602
      0.00081813     0.000723622
      0.00491507      0.00440964
      0.00779475      0.00798461
       0.0125039       0.0120331
      0.00189422      0.00169266
      0.00129418      0.00131454
     0.000418793     0.000401084
     0.000927163     0.000824428
     0.000445315     0.000431841
      0.00225965      0.00220421
      0.00308135      0.00296121
     0.000977018     0.000813275
      0.00762357      0.00871538
     0.000632241     0.000621913
      0.00959213       0.0105109
      0.00687937      0.00698138
       0.0052412      0.00499554
      0.00205921       0.0019781
       0.0069428      0.00716571
      0.00187506      0.00165398
      0.00340896      0.00344178
      0.00247117      0.00255591
      0.00112925      0.00101772
      0.00776731      0.00775954
      0.00687793      0.00685401
       0.0178168       0.0183958
      0.00774845      0.00707728
      0.00148302      0.00185021
     0.000322963     0.000436064
      0.00939914      0.00970255
     0.000291234     0.000279362
      0.00290922      0.00286933
       0.0218223        0.020881
      0.00714695      0.00689825
       0.0116976       0.0117606
     0.000283837     0.000278443
      0.00147223      0.00131293
       0.0137598       0.0135474
     0.000873266     0.000821731
     0.000563302      0.00056493
       0.0210139       0.0203939
     0.000482755     0.000416463
       0.0025959      0.00281476
      0.00148122      0.00135345
       0.0169046       0.0172295
        0.043623       0.0428827
       0.0023749      0.00217181
     0.000500126     0.000456438
      0.00165489      0.00162227
      0.00890706      0.00928976
     0.000745943     0.000639823
       0.0002622     0.000259995
     0.000784474     0.000765526
       0.0333506       0.0362412
      0.00280256      0.00291461
      0.00684841      0.00695542
     0.000885565     0.000958149
       0.0103553       0.0107603
     0.000221481     0.000193395
      0.00705211      0.00668946
     0.000274723     0.000240382
      0.00575625      0.00556073
      0.00328445       0.0034704
     0.000913456     0.000963497
     0.000214492     0.000198483
       0.0067653      0.00654381
      0.00100746      0.00115906
     0.000331261     0.000326551
       0.0112116       0.0108998
      0.00684139      0.00673768
      0.00446373      0.00452334
       0.0376639       0.0375309
       0.0242173       0.0245296
     0.000367179     0.000374229
       0.0145043       0.0147135
     0.000576561     0.000574065
     0.000246441     0.000236131
     0.000628641     0.000684478
     0.000995876      0.00094988
       0.0205884        0.021495
       0.0114365       0.0112184
      0.00889608      0.00875794
       0.0131361       0.0119552
     0.000284889     0.000297417
       0.0015961      0.00157285
      0.00449473      0.00456866
     0.000267866      0.00023411
      0.00655795      0.00631917
      0.00544004      0.00523652
       0.0108839       0.0107248
      0.00592006      0.00610698
       0.0173379       0.0169659
      0.00881358        0.008945
      0.00578443      0.00608645
       0.0218875       0.0230015
       0.0129339       0.0125197
      0.00307191      0.00317893
      0.00277584      0.00256389
      0.00287349      0.00288513
        0.016714       0.0163038
      0.00374626      0.00369771
      0.00145633      0.00152334
       0.0146752       0.0150068
      0.00205177      0.00188853
      0.00279046      0.00268862
      0.00545307      0.00567976
      0.00026912     0.000262434
     0.000255285     0.000226156
     0.000905597     0.000906751
      0.00162766      0.00155261
      0.00136403      0.00133332
       0.0402264       0.0396622
      0.00118197     0.000982644
      0.00894491      0.00865307
      0.00116188      0.00106987
     0.000524735     0.000435282
      0.00162818      0.00143701
       0.0122235       0.0124826
      0.00138874       0.0012788
       0.0175645       0.0178563
       0.0170519       0.0168324
       0.0390579       0.0392628
     0.000328205     0.000232802
     0.000487312     0.000415884
      0.00369395      0.00375188
       0.0107149       0.0119218
     0.000708754     0.000622239
      0.00269251      0.00265762
       0.0016711      0.00163609
      0.00128057      0.00115832
      0.00112955     0.000973768
     0.000897493     0.000904084
      0.00837981      0.00884699
      0.00253561      0.00266127
      0.00727318      0.00742203
     0.000486533     0.000561151
      0.00104608     0.000900411
       0.0226763       0.0224578
      0.00149986      0.00132259
     0.000294051     0.000256265
       0.0168397       0.0161171
     0.000496722     0.000419447
      0.00231972      0.00215273
      0.00577034      0.00608153
     0.000700746     0.000481386
     0.000829222     0.000783543
      0.00102517      0.00101269
      0.00660677      0.00708912
     0.000505635     0.000486987
      0.00745074      0.00770024
      0.00108468      0.00106969
     0.000918896      0.00108023
       0.0019376      0.00179407
        0.002682      0.00241227
      0.00107949      0.00103082
       0.0232097       0.0231397
      0.00579672      0.00596506
       0.0192591       0.0201506
       0.0122356       0.0121504
      0.00720342      0.00727743
       0.0136289       0.0123374
      0.00392495      0.00385867
      0.00087651     0.000806153
       0.0186379       0.0180042
       0.0113105       0.0109044
        0.037401       0.0379064
     0.000585646     0.000528755
     0.000484053     0.000455497
       0.0041727      0.00418227
      0.00130842      0.00132953
       0.0186655        0.019326
       0.0113286       0.0117579
      0.00138794      0.00140912
      0.00623659      0.00608053
      0.00426767      0.00441068
      0.00396752      0.00402204
     0.000602515     0.000583463
       0.0346607       0.0355491
     0.000563284     0.000604478
      0.00033218     0.000300915
      0.00306184      0.00319259
       0.0187722        0.018046
       0.0140407           0.014
     0.000525553     0.000494948
     0.000332875     0.000236236
     0.000595926     0.000617997
       0.0110866       0.0112693
     0.000263877     0.000220052
      0.00138476      0.00141607
       0.0134092       0.0143959
      0.00598629        0.006183
       0.0273662       0.0255679
      0.00138271      0.00145483
       0.0153281       0.0141118
     0.000410199     0.000381379
     0.000276647      0.00023811
      0.00642635      0.00692568
      0.00852644      0.00824145
     0.000314504     0.000257139
       0.0159003       0.0185138
     0.000452199     0.000433672
      0.00273992      0.00277036
       0.0137497       0.0148492
     0.000729527     0.000645446
     0.000787239     0.000722537
       0.0575663       0.0583314
      0.00309361      0.00330382
      0.00032406     0.000303718
      0.00494155      0.00474686
     0.000796375     0.000865582
      0.00269717      0.00259339
     0.000462117     0.000427961
      0.00415671      0.00362438
      0.00568699      0.00517162
       0.0106563       0.0112362
     0.000683836     0.000650611
       0.0214975       0.0220872
      0.00370745      0.00362407
      0.00312559      0.00310698
      0.00473661      0.00490266
      0.00718026       0.0078198
     0.000604656     0.000681707
     0.000238338     0.000202958
      0.00278936      0.00254668
       0.0018445      0.00206386
     0.000474038     0.000440286
      0.00299876      0.00312717
      0.00400315      0.00406014
      0.00248265      0.00228314
     0.000669855     0.000506546
     0.000464125     0.000449147
      0.00609581      0.00540763
      0.00502382      0.00526027
      0.00194451      0.00194512
      0.00341201      0.00326246
      0.00046792     0.000421454
       0.0285775       0.0285666
     0.000698035     0.000710715
      0.00120549      0.00120578
      0.00156381      0.00141536
      0.00377354      0.00372483
     0.000495029     0.000445468
     0.000281407     0.000249131
      0.00437274      0.00412623
      0.00831787      0.00815686
       0.0117188       0.0118864
      0.00016652     0.000171287
      0.00670111      0.00667514
     0.000391339     0.000402776
      0.00612189      0.00620199
      0.00149005      0.00132835
       0.0266195       0.0262535
      0.00612891      0.00624823
     0.000709273     0.000677783
     0.000642058     0.000631406
      0.00225578      0.00210762
       0.0228124       0.0230739
      0.00193815      0.00179666
     0.000819693     0.000813305
     0.000391832     0.000362194
      0.00134384      0.00134777
     0.000720191     0.000769168
       0.0116857       0.0111587
     0.000367003     0.000332238
      0.00108492      0.00114673
      0.00269645      0.00301336
       0.0033505      0.00304126
     0.000196747     0.000170188
      0.00468214      0.00458177
      0.00451415       0.0045156
      0.00571306      0.00560812
      0.00201973      0.00213418
      0.00325637      0.00276627
     0.000620254     0.000706554
      0.00054729     0.000579047
      0.00151379      0.00147906
       0.0013511      0.00148153
      0.00410423      0.00389273
      0.00801967      0.00722921
      0.00391212       0.0036946
     0.000729677     0.000672619
       0.0126178       0.0117066
       0.0100869      0.00985363
     0.000769635     0.000721986
      0.00110844     0.000963561
     0.000626242     0.000630869
      0.00670422       0.0064627
     0.000452659     0.000436866
     0.000450503      0.00039933
       0.0041302      0.00406651
      0.00195662      0.00224653
      0.00282329      0.00288512
     0.000476233      0.00043948
       0.0210653          0.0217
      0.00202027      0.00193445
        0.016303       0.0158551
     0.000323743     0.000318193
      0.00173232      0.00154772
     0.000624167     0.000623544
     0.000301928     0.000287759
      0.00527019      0.00542961
      0.00110595      0.00114843
       0.0187338       0.0193917
     0.000491921     0.000455896
       0.0032659      0.00298943
      0.00100694     0.000886221
        0.002617       0.0027846
       0.0179337        0.017646
       0.0120975       0.0114268
      0.00258459      0.00227336
      0.00276268      0.00256552
       0.0101436      0.00986462
      0.00181746      0.00169751
       0.0185454       0.0177593
       0.0048594      0.00481557
       0.0217883       0.0216788
      0.00320829      0.00307053
      0.00974629      0.00955619
     0.000387166     0.000382751
       0.0362059       0.0365355
       0.0030122      0.00303839
      0.00212006      0.00222193
     0.000655691     0.000586418
        0.030208       0.0299494
      0.00283649      0.00248195
      0.00630671       0.0061426
      0.00329424      0.00316738
       0.0252392        0.025658
      0.00414356      0.00453711
        0.030774       0.0328521
      0.00462838      0.00540153
      0.00553739      0.00517645
     0.000464946     0.000431942
      0.00117522      0.00112026
      0.00509339      0.00522144
       0.0342402        0.031864
      0.00151974      0.00168339
     0.000845304     0.000863514
       0.0050796      0.00470845
      0.00359617      0.00323084
      0.00187673      0.00170851
       0.0023839      0.00244106
      0.00138052      0.00135749
      0.00523692      0.00488207
       0.0227207       0.0219595
       0.0319712       0.0312311
     0.000539536     0.000518992
      0.00197302      0.00180217
     0.000800816     0.000667217
      0.00101273     0.000978022
      0.00101628     0.000939059
      0.00403332        0.003751
       0.0330066       0.0334975
      0.00918689      0.00823508
      0.00115792      0.00111858
     0.000645599     0.000610921
       0.0165348       0.0165781
       0.0119739       0.0116669
      0.00498804      0.00555729
     0.000798644     0.000750666
      0.00466152      0.00481146
     0.000237486     0.000201909
     0.000362919     0.000374548
      0.00253459      0.00225891
      0.00842079      0.00829254
      0.00805848      0.00832159
     0.000554781     0.000579588
     0.000395566     0.000343309
      0.00531806      0.00493081
     0.000667042     0.000602678
      0.00712508      0.00788444
     0.000259611     0.000224337
      0.00147873      0.00140369
     0.000355025     0.000327014
       0.0234288       0.0249887
      0.00217868      0.00209032
       0.0318805       0.0333683
      0.00340165      0.00325689
     0.000628915     0.000574828
      0.00129906      0.00155555
       0.0248529       0.0238478
      0.00822459      0.00856735
     0.000357975     0.000380275
      0.00166851      0.00151731
       0.0155212       0.0158223
      0.00050531      0.00050077
     0.000745394     0.000680568
     0.000392754     0.000373556
      0.00104827     0.000975211
      0.00180225      0.00195988
      0.00134959      0.00123963
      0.00437212      0.00444099
       0.0292297       0.0287282
      0.00408241      0.00380793
     0.000831782     0.000779229
      0.00079296     0.000921004
      0.00380604      0.00374942
     0.000830115     0.000796861
       0.0512618       0.0514506
      0.00681808       0.0061286
       0.0408883       0.0435084
     0.000768743     0.000908711
       0.0104319       0.0104596
      0.00427159      0.00453834
      0.00217451      0.00186089
     0.000325304     0.000263952
      0.00260327      0.00245835
      0.00282854      0.00248474
      0.00448701      0.00463258
       0.0104706      0.00953584
     0.000495346     0.000469169
       0.0176583        0.016941
       0.0126979       0.0122019
     0.000709156     0.000730927
     0.000376253     0.000327926
      0.00460336        0.004698
      0.00415564      0.00387843
       0.0412271       0.0408738
      0.00438374      0.00437946
     0.000503906     0.000461426
     0.000508139     0.000485583
      0.00243674       0.0026628
     0.000590749     0.000724288
      0.00128974      0.00117675
       0.0146386       0.0144514
     0.000368476      0.00045702
     0.000316769     0.000304688
      0.00077065     0.000709075
       0.0324163       0.0333971
      0.00180508      0.00140058
      0.00502478      0.00521823
     0.000440837     0.000397188
     0.000542713     0.000431754
     0.000861354     0.000848551
      0.00123777      0.00117488
      0.00259243      0.00278671
      0.00601557      0.00581043
      0.00132685      0.00125948
     0.000231448     0.000185858
      0.00676121      0.00713438
      0.00170396      0.00166472
      0.00315953      0.00290545
      0.00168847      0.00184157
     0.000939841      0.00109234
      0.00084493     0.000673194
       0.0105275       0.0110092
     0.000324015      0.00027149
     0.000383338     0.000341713
     0.000719312      0.00067633
      0.00163188      0.00161271
       0.0035291      0.00358318
      0.00257346      0.00256749
      0.00722868      0.00650373
     0.000654846     0.000560068
      0.00856188      0.00862017
      0.00308104      0.00290699
      0.00133732      0.00113759
      0.00117118      0.00110658
      0.00990532       0.0100047
       0.0273257       0.0272176
      0.00656241      0.00610354
     0.000790819     0.000819938
      0.00155443      0.00149573
     0.000356257     0.000305021
     0.000761092     0.000797182
      0.00293587      0.00267074
      0.00092486     0.000955642
       0.0012227       0.0011687
     0.000563568     0.000582176
        0.021013       0.0210721
       0.0179421       0.0182852
       0.0155247       0.0151399
      0.00410321      0.00448899
       0.0162628       0.0167383
     0.000627144     0.000650407
       0.0057724      0.00575644
      0.00653076      0.00682816
      0.00947103       0.0086989
     0.000335534     0.000289912
      0.00226749      0.00210801
      0.00146349      0.00141369
      0.00332998      0.00318493
      0.00321393      0.00355636
      0.00141061      0.00152274
      0.00131385      0.00125354
      0.00251325        0.002386
       0.0358635        0.033796
      0.00040339      0.00035279
     0.000395395     0.000359974
       0.0100899       0.0103468
       0.0057432       0.0060029
        0.017893       0.0173651
     0.000636059     0.000552049
      0.00929689      0.00914979
      0.00273729      0.00270369
       0.0267347        0.025529
      0.00120491       0.0011657
       0.0368732       0.0367443
     0.000400061     0.000273037
      0.00245087      0.00245736
       0.0230785       0.0236628
      0.00251808      0.00267247
       0.0100337       0.0104099
      0.00296402      0.00289209
      0.00612711      0.00578774
       0.0115971       0.0113192
       0.0247633       0.0249274
      0.00407018      0.00396389
      0.00131693      0.00108826
        0.012168       0.0117598
       0.0132392       0.0129712
      0.00775245      0.00758864
     0.000337169     0.000321827
     0.000454387     0.000468906
      0.00455317      0.00436619
       0.0026011      0.00238957
      0.00516751      0.00526436
      0.00137503      0.00128756
      0.00132783      0.00123127
       0.0335197       0.0326412
     0.000376014     0.000342027
     0.000549374     0.000504724
     0.000272794     0.000199782
        0.010027      0.00966493
      0.00814325      0.00789472
      0.00165969      0.00156521
      0.00036989     0.000352805
      0.00066767     0.000584944
        0.022563       0.0230505
       0.0472848       0.0477446
       0.0092872      0.00900517
      0.00202348      0.00185267
     0.000300142     0.000275498
        0.005325      0.00490183
      0.00548894      0.00590731
     0.000397179     0.000356609
      0.00172512      0.00151245
      0.00556667      0.00529278
       0.0143125         0.01436
      0.00263488      0.00234742
      0.00209864      0.00190096
      0.00623679      0.00593946
     0.000550698     0.000573038
      0.00350607      0.00337073
      0.00276645      0.00250982
     0.000613763      0.00063857
     0.000276325     0.000257194
       0.0130546       0.0130049
      0.00178231      0.00168538
       0.0191349         0.01979
       0.0527973       0.0542899
      0.00539289      0.00517091
      0.00221901      0.00202767
      0.00133325      0.00134348
       0.0015335      0.00146205
     0.000523578     0.000502268
      0.00512526       0.0047961
      0.00411236      0.00401783
      0.00140322      0.00139259
      0.00270647      0.00274717
       0.0377598       0.0429855
     0.000358432      0.00036123
      0.00570036      0.00584105
       0.0213709       0.0206083
      0.00546925       0.0053754
      0.00495738      0.00498279
        0.017258       0.0184539
       0.0236554       0.0225538
     0.000533093      0.00050527
      0.00129063      0.00129957
      0.00210059      0.00196384
       0.0169668       0.0160107
      0.00220818       0.0023672
     0.000436979     0.000378658
     0.000606216     0.000589593
      0.00940833      0.00866333
       0.0106221       0.0113517
      0.00407151      0.00450988
       0.0120884        0.013037
      0.00562854      0.00505354
       0.0121854       0.0119301
       0.0117897       0.0120107
      0.00830321      0.00828206
     0.000638334     0.000563871
      0.00195286       0.0018847
       0.0120095       0.0122955
       0.0760537       0.0776484
     0.000550975     0.000552882
     0.000602773     0.000595251
       0.0232328       0.0231056
      0.00061447      0.00062628
       0.0199018       0.0186503
     0.000292472     0.000336872
      0.00168056      0.00162315
       0.0042886      0.00417216
      0.00111375      0.00125729
     0.000778866     0.000664455
      0.00948792      0.00875035
      0.00161043      0.00148691
      0.00615177       0.0058562
      0.00078639     0.000654062
      0.00421214      0.00375645
      0.00880463      0.00865343
       0.0342804       0.0345704
     0.000470925     0.000402266
       0.0127932       0.0122899
     0.000399688      0.00043081
     0.000830684     0.000760021
      0.00334619      0.00348123
      0.00955733      0.00934101
       0.0103014      0.00961418
     0.000430496     0.000419589
      0.00316129      0.00297079
      0.00740542      0.00709928
     0.000329627     0.000291898
     0.000925131     0.000849784
      0.00106798      0.00102237
       0.0181631       0.0205351
      0.00179008      0.00163721
     0.000774695     0.000736469
      0.00181531       0.0017006
     0.000717667     0.000585811
     0.000477851     0.000454485
      0.00309487      0.00285632
      0.00134867      0.00139425
      0.00267798      0.00226502
     0.000939863      0.00102644
       0.0462796       0.0450767
      0.00484124       0.0050947
       0.0160277       0.0146373
      0.00739214      0.00735942
      0.00184594      0.00177811
       0.0214383       0.0224276
       0.0168585       0.0177676
       0.0130605       0.0128499
     0.000589848      0.00057565
      0.00567294      0.00526514
       0.0144093        0.014219
     0.000657717     0.000583585
      0.00257514      0.00254556
     0.000819267     0.000732664
       0.0655143       0.0681724
       0.0121516       0.0126322
     0.000471874     0.000425113
     0.000681012     0.000717466
     0.000559892     0.000587935
      0.00277681      0.00269556
     0.000958239       0.0010621
      0.00431891      0.00436995
      0.00689554      0.00736973
      0.00097942      0.00093463
      0.00855275      0.00810067
       0.0289893        0.028312
     0.000970551     0.000947336
      0.00713446      0.00664617
      0.00503892      0.00507783
      0.00180371      0.00206287
       0.0163983       0.0173142
     0.000388185     0.000314346
      0.00802287      0.00797578
       0.0139884       0.0136309
     0.000422368     0.000443134
     0.000449587     0.000389132
      0.00700629      0.00656767
      0.00941699      0.00837026
     0.000527348     0.000598584
      0.00728599      0.00728354
        0.013991       0.0132923
       0.0031229      0.00299832
       0.0015195      0.00138317
      0.00459998      0.00452407
     0.000632295     0.000546664
      0.00293403       0.0026113
      0.00088575     0.000906238
      0.00100028      0.00101167
      0.00633677      0.00578808
      0.00254416      0.00246164
       0.0232396       0.0224426
      0.00259631      0.00254632
      0.00190921      0.00176816
      0.00504888      0.00550321
       0.0108317       0.0104856
       0.0305774       0.0305346
      0.00108826     0.000872614
       0.0185357       0.0186573
      0.00288573      0.00275574
       0.0167618       0.0160432
       0.0240888       0.0234784
       0.0171394       0.0181113
     0.000383881     0.000328782
       0.0562054        0.060031
      0.00610965      0.00611544
      0.00144599      0.00147045
      0.00160083      0.00140577
      0.00570822       0.0061001
      0.00449845      0.00484263
      0.00162504      0.00192488
       0.0308421       0.0321829
     0.000554426     0.000447249
     0.000979051     0.000864372
      0.00309909      0.00315068
       0.0175642       0.0173703
      0.00115718      0.00113916
       0.0117833       0.0114776
       0.0217768       0.0223126
      0.00472352      0.00464425
     0.000474672     0.000412926
      0.00388321      0.00406643
      0.00295169      0.00262135
       0.0015961      0.00138991
     0.000868817     0.000815033
     0.000577319      0.00065561
       0.0072201      0.00775496
        0.007751      0.00836186
      0.00147088       0.0014894
       0.0137691       0.0130793
        0.011346       0.0106112
     0.000538845     0.000518448
       0.0216353       0.0204284
      0.00073778     0.000650573
      0.00848867       0.0085298
       0.0468901       0.0455943
      0.00122501      0.00105036
      0.00764088      0.00733453
       0.0223277       0.0204091
     0.000531902      0.00053532
      0.00165441      0.00155537
      0.00584899      0.00586106
       0.0314342       0.0329783
       0.0376102       0.0388833
      0.00117591      0.00128128
     0.000772153     0.000613079
     0.000399636     0.000370178
     0.000300367     0.000218369
     0.000331678     0.000285967
      0.00244119      0.00226897
       0.0103239       0.0106258
      0.00114635      0.00101753
     0.000321398     0.000266595
      0.00304806      0.00320663
      0.00323496      0.00300875
       0.0252721       0.0270507
       0.0421355       0.0414548
       0.0048644      0.00511436
      0.00734604      0.00793865
      0.00160961      0.00161116
