Edrude_ind 		 Edrude_dhf
     -0.00331562      -0.00083518
     -0.00232794      -0.00053463
     -0.00126952      -0.00022131
     -0.00064153      -0.00007854
     -0.00018247      -0.00001164
     -0.00006290      -0.00000235
     -0.00002528      -0.00000060
     -0.00000568      -0.00000006
     -0.00350323      -0.00093684
     -0.00155001      -0.00027561
     -0.00073065      -0.00008664
     -0.00037014      -0.00003051
     -0.00011465      -0.00000516
     -0.00004297      -0.00000118
     -0.00001902      -0.00000035
     -0.00000491      -0.00000005
     -0.00000064      -0.00000000
     -0.00157955      -0.00035107
     -0.00214796      -0.00056024
     -0.00141528      -0.00029144
     -0.00074101      -0.00010507
     -0.00024001      -0.00001761
     -0.00009415      -0.00000411
     -0.00004226      -0.00000120
     -0.00001121      -0.00000016
     -0.00719505      -0.00239751
     -0.00312245      -0.00090403
     -0.00145261      -0.00029848
     -0.00074085      -0.00010401
     -0.00023920      -0.00001750
     -0.00244731      -0.00061438
     -0.00099342      -0.00016463
     -0.00054261      -0.00006385
     -0.00017754      -0.00001130
     -0.00211057      -0.00046778
     -0.00099875      -0.00015712
     -0.00051653      -0.00005837
     -0.00029315      -0.00002462
     -0.00011448      -0.00000579
     -0.00397895      -0.00108236
     -0.00173404      -0.00032772
     -0.00080865      -0.00010384
     -0.00040881      -0.00003686
     -0.00012930      -0.00000650
     -0.00091018      -0.00015272
     -0.00054390      -0.00006677
     -0.00033557      -0.00003082
     -0.00013998      -0.00000775
     -0.00006474      -0.00000233
     -0.00003256      -0.00000081
     -0.00000999      -0.00000013
     -0.00000158      -0.00000001
     -0.00123274       0.00003407
     -0.00020135      -0.00000159
     -0.00303153      -0.00019468
     -0.00033836      -0.00000733
     -0.00103070       0.00011167
     -0.00152187      -0.00034772
     -0.00026974      -0.00002109
     -0.00070410      -0.00009984
     -0.00159835      -0.00037192
     -0.00028376      -0.00002313
     -0.00074092      -0.00010818
     -0.00139138      -0.00029459
     -0.00025496      -0.00002015
     -0.00065384      -0.00008976
     -0.00162374      -0.00037079
     -0.00027894      -0.00002282
     -0.00073871      -0.00010702
     -0.00125857      -0.00021392
     -0.00022827      -0.00001588
     -0.00058524      -0.00006787
     -0.00143231      -0.00021625
     -0.00022123      -0.00000953
     -0.00061771      -0.00005400
     -0.00065571      -0.00004851
     -0.00014990      -0.00000622
     -0.00034101      -0.00002000
     -0.00072073      -0.00006855
     -0.00016551      -0.00000810
     -0.00037660      -0.00002710
     -0.00075367      -0.00009004
     -0.00017158      -0.00000975
     -0.00039277      -0.00003401
     -0.00071030      -0.00007820
     -0.00016572      -0.00000897
     -0.00037470      -0.00003042
     -0.00069490      -0.00008541
     -0.00015944      -0.00000909
     -0.00036332      -0.00003192
     -0.00065393       0.00000948
     -0.00012424       0.00000022
     -0.00030868       0.00000179
     -0.00140892      -0.00029933
     -0.00024990      -0.00001866
     -0.00064994      -0.00008682
     -0.00156436      -0.00033942
     -0.00026747      -0.00002079
     -0.00070858      -0.00009747
     -0.00153204      -0.00033636
     -0.00026430      -0.00002108
     -0.00069699      -0.00009768
     -0.00025548      -0.00001942
     -0.00066450      -0.00008741
     -0.00137251      -0.00029614
     -0.00024458      -0.00001923
     -0.00063458      -0.00008761
     -0.00152704      -0.00024248
     -0.00021944      -0.00001006
     -0.00063468      -0.00005908
     -0.00095029      -0.00008290
     -0.00017018      -0.00000451
     -0.00043975      -0.00002244
     -0.00105609      -0.00011921
     -0.00019259      -0.00000694
     -0.00049412      -0.00003334
     -0.00113395      -0.00014909
     -0.00020433      -0.00000880
     -0.00052808      -0.00004193
     -0.00114518      -0.00015151
     -0.00020592      -0.00000887
     -0.00053299      -0.00004246
     -0.00105380      -0.00013612
     -0.00018448      -0.00000781
     -0.00048315      -0.00003766
     -0.00159808       0.00015027
     -0.00018271       0.00000537
     -0.00058773       0.00003242
     -0.00068329       0.00006100
     -0.00013460       0.00000567
     -0.00033226       0.00002167
     -0.00072132       0.00006292
     -0.00014250       0.00000563
     -0.00035121       0.00002199
     -0.00069202       0.00005137
     -0.00013893       0.00000447
     -0.00033936       0.00001777
     -0.00069545       0.00005600
     -0.00013795       0.00000486
     -0.00033920       0.00001935
     -0.00063880       0.00004027
     -0.00012913       0.00000359
     -0.00031417       0.00001410
     -0.00064094       0.00004590
     -0.00010816       0.00000374
     -0.00029006       0.00001525
     -0.00095948      -0.00002789
     -0.00016803      -0.00000210
     -0.00043824      -0.00000899
     -0.00101603      -0.00007270
     -0.00018300      -0.00000452
     -0.00047217      -0.00002103
     -0.00116608      -0.00014967
     -0.00020693      -0.00000864
     -0.00053921      -0.00004167
     -0.00102577      -0.00010856
     -0.00114139      -0.00016344
     -0.00020198      -0.00000949
     -0.00052719      -0.00004562
     -0.00099961       0.00002626
     -0.00072989       0.00006993
     -0.00016457       0.00000808
     -0.00037934       0.00002741
     -0.00078221       0.00007619
     -0.00017460       0.00000865
     -0.00040457       0.00002962
     -0.00077424       0.00007076
     -0.00017356       0.00000808
     -0.00040108       0.00002758
     -0.00077525       0.00007144
     -0.00017359       0.00000816
     -0.00040145       0.00002787
     -0.00071270       0.00005951
     -0.00016181       0.00000701
     -0.00037135       0.00002355
     -0.00071008       0.00004904
     -0.00013711       0.00000407
     -0.00034106       0.00001647
     -0.00079999       0.00007731
     -0.00017841       0.00000890
     -0.00041354       0.00003028
     -0.00019028       0.00000989
     -0.00044444       0.00003416
     -0.00085175       0.00008548
     -0.00018743       0.00000953
     -0.00043749       0.00003297
     -0.00086428       0.00008755
     -0.00018929       0.00000972
     -0.00044298       0.00003373
     -0.00078349       0.00007258
     -0.00017482       0.00000827
     -0.00040493       0.00002829
     -0.00075626       0.00003597
     -0.00014886       0.00000338
     -0.00036720       0.00001294
     -0.00076356       0.00007553
     -0.00016936       0.00000850
     -0.00039366       0.00002922
     -0.00080960       0.00008119
     -0.00017859       0.00000908
     -0.00041642       0.00003134
     -0.00078025       0.00007129
     -0.00017476       0.00000816
     -0.00040407       0.00002783
     -0.00071629       0.00005731
     -0.00016334       0.00000682
     -0.00037398       0.00002280
     -0.00140471      -0.00028538
     -0.00025159      -0.00001923
     -0.00065160      -0.00008619
     -0.00161473      -0.00036571
     -0.00028003      -0.00002224
     -0.00073872      -0.00010504
     -0.00812648       0.00126998
     -0.00069129       0.00008471
     -0.00295553       0.00061751
     -0.00074225      -0.00008531
     -0.00016897      -0.00000923
     -0.00038658      -0.00003219
     -0.00071107      -0.00006533
     -0.00016141      -0.00000767
     -0.00036916      -0.00002573
     -0.00151371      -0.00034871
     -0.00027275      -0.00002243
     -0.00070630      -0.00010312
     -0.00153835      -0.00035035
     -0.00027684      -0.00002209
     -0.00071730      -0.00010260
     -0.00112968      -0.00013071
     -0.00019434      -0.00000700
     -0.00051342      -0.00003508
     -0.00106737      -0.00009885
     -0.00018731      -0.00000512
     -0.00048948      -0.00002621
     -0.00221616       0.00004963
     -0.00091242       0.00003313
     -0.00069640       0.00005423
     -0.00013974       0.00000487
     -0.00034148       0.00001900
     -0.00072557       0.00006531
     -0.00014367       0.00000601
     -0.00035379       0.00002309
     -0.00018668      -0.00000666
     -0.00047980      -0.00003109
     -0.00116739      -0.00015172
     -0.00020870      -0.00000872
     -0.00054179      -0.00004223
     -0.00101193      -0.00007551
     -0.00018450      -0.00000460
     -0.00047309      -0.00002170
     -0.00014466       0.00000281
     -0.00041892       0.00001020
     -0.00078091       0.00007386
     -0.00017478       0.00000848
     -0.00040436       0.00002888
     -0.00080036       0.00007998
     -0.00017818       0.00000910
     -0.00041353       0.00003114
     -0.00181975      -0.00045017
     -0.00030864      -0.00002695
     -0.00085604       0.00008623
     -0.00018879       0.00000966
     -0.00044016       0.00003334
     -0.00086444       0.00008858
     -0.00019071       0.00000999
     -0.00044469       0.00003436
     -0.00077726       0.00007498
     -0.00017319       0.00000845
     -0.00040165       0.00002905
     -0.00078202       0.00007172
     -0.00017554       0.00000826
     -0.00040543       0.00002808
     -0.00081322       0.00008173
     -0.00017984       0.00000919
     -0.00069394       0.00004283
     -0.00013735       0.00000387
     -0.00033766       0.00001503
     -0.00159121      -0.00037261
     -0.00028305      -0.00002320
     -0.00073835      -0.00010857
     -0.00067449      -0.00007112
     -0.00140378      -0.00025750
     -0.00019919      -0.00001159
     -0.00057860      -0.00006468
     -0.00354526       0.00051704
     -0.00034978       0.00002774
     -0.00122382       0.00016471
     -0.00123740       0.00002136
     -0.00022780       0.00001262
     -0.00056382       0.00003143
     -0.00199260       0.00027266
     -0.00038580       0.00003663
     -0.00100563       0.00014249
     -0.00072188      -0.00006897
     -0.00016308      -0.00000796
     -0.00037403      -0.00002692
     -0.00080839       0.00001078
     -0.00014807      -0.00000041
     -0.00037497       0.00000066
     -0.00088543      -0.00001910
     -0.00014907      -0.00000301
     -0.00039358      -0.00000962
     -0.00140730      -0.00003571
     -0.00023175       0.00001046
     -0.00061153       0.00001873
     -0.00080048      -0.00001526
     -0.00015538       0.00000426
     -0.00037413       0.00000529
     -0.00136718       0.00018537
     -0.00020660       0.00001152
     -0.00056367       0.00005122
     -0.00141613      -0.00029798
     -0.00025805      -0.00001991
     -0.00066385      -0.00008980
     -0.00127502      -0.00015179
     -0.00019499      -0.00000573
     -0.00180731       0.00001271
     -0.00023022      -0.00000086
     -0.00069476      -0.00000057
     -0.00422930       0.00064509
     -0.00050491       0.00005261
     -0.00173505       0.00029067
     -0.00114515      -0.00013569
     -0.00019804      -0.00000714
     -0.00052184      -0.00003624
     -0.00095378      -0.00004529
     -0.00014263      -0.00000211
     -0.00040704      -0.00001142
     -0.00115188      -0.00015573
     -0.00016358      -0.00000779
     -0.00048145      -0.00004038
     -0.00107221      -0.00010222
     -0.00017114      -0.00000216
     -0.00046423      -0.00001980
     -0.00126501      -0.00001887
     -0.00019009       0.00000231
     -0.00053394       0.00000396
     -0.00014260       0.00000569
     -0.00035170       0.00002192
     -0.00064824       0.00003931
     -0.00010971       0.00000285
     -0.00029332       0.00001243
     -0.00062915       0.00001418
     -0.00010798       0.00000057
     -0.00028707       0.00000376
     -0.00199137      -0.00043638
     -0.00026963      -0.00002010
     -0.00081502      -0.00011400
     -0.00108375      -0.00016047
     -0.00018161      -0.00001035
     -0.00090158      -0.00009250
     -0.00015477      -0.00000693
     -0.00104582      -0.00009010
     -0.00018361      -0.00000492
     -0.00047991      -0.00002450
     -0.00167782       0.00016768
     -0.00018605       0.00000582
     -0.00060657       0.00003592
     -0.00104436      -0.00001206
     -0.00014512      -0.00000127
     -0.00042909      -0.00000462
     -0.00196509      -0.00011043
     -0.00029309       0.00000301
     -0.00084080      -0.00000645
     -0.00078334       0.00007491
     -0.00017567       0.00000867
     -0.00040607       0.00002940
     -0.00066069       0.00003080
     -0.00013053       0.00000272
     -0.00032112       0.00001077
     -0.00069886       0.00001299
     -0.00013967       0.00000125
     -0.00034156       0.00000487
     -0.00083490      -0.00013381
     -0.00101050      -0.00017646
     -0.00020687      -0.00001414
     -0.00050055      -0.00005750
     -0.00094246      -0.00015138
     -0.00019168      -0.00001260
     -0.00046338      -0.00005002
     -0.00087185       0.00008883
     -0.00019186       0.00000997
     -0.00044792       0.00003438
     -0.00075215       0.00003475
     -0.00014878       0.00000311
     -0.00036595       0.00001224
     -0.00073657       0.00003104
     -0.00014759       0.00000252
     -0.00036067       0.00001048
     -0.00079474       0.00007905
     -0.00069967       0.00004732
     -0.00013498       0.00000381
     -0.00033588       0.00001571
     -0.00064831       0.00002649
     -0.00012991       0.00000217
     -0.00031725       0.00000899
     -0.00190426      -0.00047421
     -0.00031914      -0.00002779
     -0.00086799      -0.00013962
     -0.00015334       0.00000786
     -0.00006408       0.00000212
     -0.00003027       0.00000068
     -0.00001563       0.00000025
     -0.00019007      -0.00000314
     -0.00006998      -0.00000076
     -0.00003003      -0.00000024
     -0.00001442      -0.00000009
     -0.00000099      -0.00000000
     -0.00076530       0.00009123
     -0.00020130       0.00001249
     -0.00007043       0.00000262
     -0.00002945       0.00000072
     -0.00000146       0.00000001
     -0.00023894      -0.00001735
     -0.00812154      -0.00271557
     -0.00359688      -0.00105003
     -0.00080457      -0.00011293
     -0.00008777      -0.00000380
     -0.00003742      -0.00000105
     -0.00001781      -0.00000035
     -0.00000116      -0.00000001
     -0.00008030      -0.00000135
     -0.00003398      -0.00000035
     -0.00001612      -0.00000011
     -0.00000070      -0.00000000
     -0.00008718      -0.00000307
     -0.00003596      -0.00000081
     -0.00001672      -0.00000026
     -0.00000853      -0.00000009
     -0.00000069      -0.00000000
     -0.00013087       0.00000263
     -0.00004870       0.00000041
     -0.00002121       0.00000007
     -0.00001034       0.00000001
     -0.00000075      -0.00000000
     -0.00008925       0.00000120
     -0.00003893       0.00000037
     -0.00001873       0.00000013
     -0.00000974       0.00000005
     -0.00015435      -0.00000764
     -0.00006526      -0.00000199
     -0.00003086      -0.00000063
     -0.00001590      -0.00000023
     -0.00010355       0.00000295
     -0.00004701       0.00000092
     -0.00002337       0.00000033
     -0.00001250       0.00000013
     -0.00000112       0.00000000
     -0.00150938      -0.00035111
     -0.00026517      -0.00002159
     -0.00069474      -0.00010148
     -0.00161817      -0.00028557
     -0.00023276      -0.00001261
     -0.00101810       0.00014909
     -0.00108478      -0.00014463
     -0.00018989      -0.00000804
     -0.00048766      -0.00004736
     -0.00134348      -0.00001252
     -0.00020876       0.00000239
     -0.00057227       0.00000406
     -0.00017712       0.00000900
     -0.00041083       0.00003078
     -0.00101585      -0.00016844
     -0.00020806      -0.00001348
     -0.00050314      -0.00005477
     -0.00099542       0.00009892
     -0.00060079      -0.00006227
     -0.00059569      -0.00006202
     -0.00031516       0.00000157
     -0.00038173       0.00002156
     -0.00043006       0.00003225
     -0.00037111       0.00000608
     -0.00046173       0.00003669
     -0.00045849       0.00003641
     -0.00121469       0.00015565
     -0.00042194       0.00000325
     -0.00047046      -0.00005376
     -0.00048293      -0.00005516
     -0.00176700       0.00022106
     -0.00024345       0.00001450
     -0.00041409       0.00004252
     -0.00099525       0.00011708
     -0.00333141      -0.00100065
     -0.00043816      -0.00004492
     -0.00110440      -0.00014402
     -0.00939592       0.00179227
     -0.00295190       0.00044003
     -0.00841931       0.00051213
     -0.00269826       0.00034117
     -0.00295517       0.00025668
     -0.00042754       0.00003916
     -0.00288934       0.00024713
     -0.00042036       0.00003876
     -0.00086166      -0.00006417
     -0.00017406      -0.00000561
     -0.00369594       0.00072870
     -0.00035795       0.00000851
     -0.00042541       0.00001269
     -0.00040922      -0.00001944
     -0.00091200       0.00005097
     -0.00013705       0.00000086
     -0.00038213       0.00000952
     -0.00114811      -0.00008129
     -0.00053844      -0.00000038
     -0.00120287      -0.00018025
     -0.00016016      -0.00000374
     -0.00079011       0.00007176
     -0.00131849      -0.00011247
     -0.00081248      -0.00011799
     -0.00040376       0.00002760
     -0.00069013       0.00005363
     -0.00013123       0.00000486
     -0.00033021       0.00001872
     -0.00147416      -0.00024114
     -0.00062486      -0.00006391
     -0.00132531      -0.00020252
     -0.00044809      -0.00003767
     -0.00304950      -0.00086439
     -0.00043836      -0.00004485
     -0.00143137      -0.00026306
     -0.00084606      -0.00014268
     -0.00020585      -0.00001452
     -0.00024956      -0.00001612
     -0.00089699      -0.00015039
     -0.00021178      -0.00001493
     -0.00047690      -0.00005448
     -0.00025387      -0.00001659
     -0.00070940      -0.00003252
     -0.00013638      -0.00000168
     -0.00034161      -0.00000879
     -0.00065415      -0.00003772
     -0.00011929      -0.00000186
     -0.00030629      -0.00000996
     -0.00060421       0.00000082
     -0.00011485       0.00000117
     -0.00028873       0.00000237
     -0.00051276      -0.00004458
     -0.00159340       0.00008131
     -0.00012936       0.00000301
     -0.00063417       0.00001120
     -0.00012368       0.00000155
     -0.00030697       0.00000495
     -0.00013256       0.00000496
     -0.00159387      -0.00029671
     -0.00056903      -0.00004246
     -0.00014133       0.00000230
     -0.00074918      -0.00001851
     -0.00014451      -0.00000038
     -0.00036110      -0.00000387
     -0.00013932       0.00000333
     -0.00125479      -0.00018112
     -0.00055256      -0.00005353
     -0.00298538      -0.00069979
     -0.00034375      -0.00002770
     -0.00112039      -0.00017081
     -0.00291886      -0.00035779
     -0.00032310      -0.00001398
     -0.00106815      -0.00008624
     -0.00298033      -0.00067397
     -0.00033868      -0.00002549
     -0.00110949      -0.00016090
     -0.00285420       0.00038431
     -0.00899306       0.00056270
     -0.00012274      -0.00000397
     -0.00031309      -0.00001443
     -0.00085441       0.00003303
     -0.00012854       0.00000056
     -0.00036021       0.00000641
     -0.00086970       0.00003409
     -0.00013286       0.00000064
     -0.00036873       0.00000657
     -0.00134276      -0.00019131
     -0.00090149      -0.00009760
     -0.00015203      -0.00000686
     -0.00040708      -0.00002949
     -0.00086798      -0.00010359
     -0.00014368      -0.00000654
     -0.00038835      -0.00002979
     -0.00088314      -0.00008708
     -0.00015182      -0.00000573
     -0.00040241      -0.00002558
     -0.00293929       0.00041896
     -0.00100917       0.00009364
     -0.00130651       0.00012670
     -0.00025279       0.00001875
     -0.00061861       0.00006231
     -0.00156884       0.00027030
     -0.00083151       0.00010540
     -0.00018588       0.00001163
     -0.00042982       0.00004108
     -0.00131024       0.00004378
     -0.00024362       0.00001418
     -0.00061074       0.00003982
     -0.00232677       0.00041597
     -0.00027443       0.00001831
     -0.00087424       0.00010857
     -0.00020795       0.00000904
     -0.00054974       0.00003822
     -0.00079632      -0.00007284
     -0.00014340      -0.00000512
     -0.00036805      -0.00002241
     -0.00323598       0.00055236
     -0.00030795       0.00001891
     -0.00108738       0.00013211
     -0.00087744      -0.00010230
     -0.00018151      -0.00000981
     -0.00043435      -0.00003639
     -0.00094458      -0.00014169
     -0.00019594      -0.00001173
     -0.00046984      -0.00004676
     -0.00086569      -0.00010352
     -0.00017981      -0.00001009
     -0.00042939      -0.00003721
     -0.00051318      -0.00006318
     -0.00025310       0.00001643
     -0.00056488      -0.00005182
     -0.00045719      -0.00005234
     -0.00135616      -0.00025255
     -0.00053297       0.00000126
     -0.00095185      -0.00006574
     -0.00018254      -0.00000713
     -0.00045222      -0.00002524
     -0.00078204      -0.00003853
     -0.00038407      -0.00001353
     -0.00087943      -0.00007538
     -0.00017934      -0.00000745
     -0.00043214      -0.00002735
     -0.00072323      -0.00009184
     -0.00015702      -0.00000820
     -0.00036761      -0.00003153
     -0.00110946      -0.00004595
     -0.00294630      -0.00060687
     -0.00034125      -0.00002266
     -0.00293215      -0.00058930
     -0.00034237      -0.00002240
     -0.00110328      -0.00014105
     -0.00298087      -0.00026007
     -0.00032933      -0.00000976
     -0.00108654      -0.00006124
     -0.00300085      -0.00071353
     -0.00034310      -0.00002788
     -0.00112275      -0.00017308
     -0.00294800      -0.00064295
     -0.00033994      -0.00002506
     -0.00110457      -0.00015568
     -0.00288721      -0.00039387
     -0.00032301      -0.00001585
     -0.00106377      -0.00009649
     -0.00074502       0.00003535
     -0.00012846       0.00000233
     -0.00033838       0.00001083
     -0.00085154       0.00004654
     -0.00013715       0.00000157
     -0.00037152       0.00001054
     -0.00070745      -0.00002497
     -0.00013300      -0.00000205
     -0.00033566      -0.00000796
     -0.00075337      -0.00005175
     -0.00013037      -0.00000292
     -0.00034271      -0.00001405
     -0.00085162      -0.00009470
     -0.00015045      -0.00000689
     -0.00039371      -0.00002917
     -0.00084691      -0.00008315
     -0.00015030      -0.00000590
     -0.00039207      -0.00002523
     -0.00076384      -0.00007929
     -0.00012846      -0.00000537
     -0.00034345      -0.00002345
     -0.00077636      -0.00003436
     -0.00013434      -0.00000200
     -0.00035322      -0.00000942
     -0.00081184       0.00002924
     -0.00013500       0.00000122
     -0.00036087       0.00000738
     -0.00136371       0.00017853
     -0.00016423       0.00000616
     -0.00050984       0.00003860
     -0.00071674      -0.00005277
     -0.00012494      -0.00000401
     -0.00032720      -0.00001646
     -0.00014584       0.00000596
     -0.00042135       0.00002909
     -0.00072007       0.00004993
     -0.00012711       0.00000423
     -0.00033128       0.00001658
     -0.00076354       0.00005845
     -0.00012958       0.00000431
     -0.00034392       0.00001807
     -0.00062708       0.00002844
     -0.00011095       0.00000247
     -0.00028930       0.00000963
     -0.00073370      -0.00003360
     -0.00013852      -0.00000151
     -0.00035018      -0.00000865
     -0.00057678       0.00000506
     -0.00011189       0.00000095
     -0.00027862       0.00000271
     -0.00077206      -0.00006653
     -0.00014187      -0.00000389
     -0.00036390      -0.00001876
     -0.00068167       0.00003337
     -0.00012906       0.00000370
     -0.00032527       0.00001286
     -0.00075127       0.00006376
     -0.00014132       0.00000595
     -0.00035745       0.00002247
     -0.00066193       0.00004768
     -0.00013022       0.00000482
     -0.00032212       0.00001755
     -0.00067742       0.00000512
     -0.00012919       0.00000165
     -0.00032429       0.00000407
     -0.00070659       0.00001964
     -0.00014224       0.00000228
     -0.00034759       0.00000781
     -0.00068947       0.00002953
     -0.00013633       0.00000317
     -0.00033629       0.00001125
     -0.00071973      -0.00001773
     -0.00014006      -0.00000053
     -0.00034827      -0.00000401
     -0.00066766       0.00004663
     -0.00013215       0.00000496
     -0.00032586       0.00001760
     -0.00074183       0.00006282
     -0.00014038       0.00000592
     -0.00035414       0.00002228
     -0.00075138       0.00004472
     -0.00013581       0.00000396
     -0.00034970       0.00001523
     -0.00066534       0.00002994
     -0.00013258       0.00000314
     -0.00032559       0.00001128
     -0.00072844       0.00001332
     -0.00015844       0.00000239
     -0.00037077       0.00000680
     -0.00073963       0.00005177
     -0.00016107       0.00000573
     -0.00037729       0.00001991
     -0.00073364       0.00000896
     -0.00015798       0.00000220
     -0.00037153       0.00000569
     -0.00073754       0.00004936
     -0.00016027       0.00000560
     -0.00037582       0.00001924
     -0.00074006       0.00005116
     -0.00016131       0.00000570
     -0.00037761       0.00001975
     -0.00066675      -0.00004074
     -0.00070828       0.00002022
     -0.00034710       0.00000799
     -0.00067853       0.00005129
     -0.00032892       0.00001844
     -0.00064825       0.00003103
     -0.00031747       0.00001123
     -0.00070231       0.00002866
     -0.00034309       0.00001134
     -0.00012494      -0.00000114
     -0.00005391      -0.00000047
     -0.00001368      -0.00000008
     -0.00000119      -0.00000000
     -0.00015229       0.00000728
     -0.00006567       0.00000206
     -0.00003140       0.00000067
     -0.00001629       0.00000025
     -0.00000134       0.00000001
     -0.00012881       0.00000734
     -0.00006183       0.00000236
     -0.00003184       0.00000085
     -0.00001740       0.00000033
     -0.00000161       0.00000001
     -0.00010162      -0.00000413
     -0.00004630      -0.00000121
     -0.00002310      -0.00000041
     -0.00001239      -0.00000016
     -0.00000112      -0.00000000
     -0.00018339       0.00000958
     -0.00007283       0.00000239
     -0.00003337       0.00000073
     -0.00001689       0.00000026
     -0.00000133       0.00000001
     -0.00025472      -0.00001901
     -0.00009887      -0.00000433
     -0.00004406      -0.00000124
     -0.00002174      -0.00000042
     -0.00000158      -0.00000001
     -0.00019362      -0.00000922
     -0.00007199      -0.00000202
     -0.00003109      -0.00000056
     -0.00001498      -0.00000019
     -0.00000103      -0.00000000
     -0.00076327       0.00009031
     -0.00020127       0.00001235
     -0.00007061       0.00000259
     -0.00002961       0.00000071
     -0.00000149       0.00000001
     -0.00007843      -0.00000258
     -0.00003270      -0.00000071
     -0.00001534      -0.00000023
     -0.00000788      -0.00000009
     -0.00000065      -0.00000000
     -0.00010234      -0.00000180
     -0.00003978      -0.00000017
     -0.00001793       0.00000001
     -0.00000899       0.00000002
     -0.00000070       0.00000000
     -0.00008366       0.00000056
     -0.00003498       0.00000006
     -0.00001648      -0.00000000
     -0.00000849      -0.00000001
     -0.00008270       0.00000045
     -0.00003476       0.00000006
     -0.00001642      -0.00000000
     -0.00000847      -0.00000001
     -0.00000070      -0.00000000
     -0.00013843       0.00000435
     -0.00005250       0.00000110
     -0.00002312       0.00000034
     -0.00001135       0.00000012
     -0.00000083       0.00000000
     -0.00004503      -0.00000008
     -0.00002053      -0.00000004
     -0.00001031      -0.00000002
     -0.00000080      -0.00000000
     -0.00018057      -0.00000671
     -0.00006580      -0.00000156
     -0.00002799      -0.00000046
     -0.00008090       0.00000097
     -0.00003492       0.00000034
     -0.00001672       0.00000013
     -0.00000868       0.00000006
     -0.00000072       0.00000000
     -0.00021336      -0.00001460
     -0.00007812      -0.00000319
     -0.00003326      -0.00000089
     -0.00001583      -0.00000029
     -0.00000104      -0.00000001
     -0.00008819       0.00000301
     -0.00003784       0.00000088
     -0.00001802       0.00000030
     -0.00000932       0.00000011
     -0.00000076       0.00000000
     -0.00015629      -0.00000770
     -0.00006604      -0.00000200
     -0.00003123      -0.00000063
     -0.00001610      -0.00000023
     -0.00000131      -0.00000000
     -0.00013777      -0.00000534
     -0.00005503      -0.00000117
     -0.00002510      -0.00000032
     -0.00000685      -0.00000004
     -0.00000098      -0.00000000
     -0.00011822      -0.00000493
     -0.00002197      -0.00000030
     -0.00001117      -0.00000010
     -0.00000090      -0.00000000
     -0.00017406       0.00001006
     -0.00007325       0.00000276
     -0.00003463       0.00000089
     -0.00001786       0.00000033
     -0.00000146       0.00000001
     -0.00049744      -0.00003955
     -0.00040689      -0.00002939
     -0.00009555      -0.00000333
     -0.00004065      -0.00000089
     -0.00001937      -0.00000028
     -0.00001006      -0.00000010
     -0.00000084      -0.00000000
     -0.00071489       0.00006116
     -0.00013268      -0.00000668
     -0.00005904      -0.00000191
     -0.00002895      -0.00000064
     -0.00000862      -0.00000010
     -0.00000133      -0.00000001
     -0.00007709      -0.00000199
     -0.00000090      -0.00000000
     -0.00014259      -0.00000711
     -0.00005640      -0.00000172
     -0.00002534      -0.00000051
     -0.00000091      -0.00000000
     -0.00011903      -0.00000351
     -0.00004780      -0.00000095
     -0.00002179      -0.00000031
     -0.00001093      -0.00000011
     -0.00000083      -0.00000000
     -0.00013236       0.00000580
     -0.00006123       0.00000184
     -0.00003085       0.00000066
     -0.00001665       0.00000026
     -0.00000152       0.00000001
     -0.00333695       0.00054122
     -0.00070418       0.00008006
     -0.00003270      -0.00000057
     -0.00001553      -0.00000019
     -0.00000804      -0.00000007
     -0.00000067      -0.00000000
     -0.00000512      -0.00000005
     -0.00135711      -0.00025282
     -0.00137667      -0.00025909
     -0.00131638      -0.00024119
     -0.00138011      -0.00025979
     -0.00137559      -0.00025829
     -0.00137038      -0.00025672
     -0.00135895      -0.00025336
     -0.00136323      -0.00025461
     -0.00135113      -0.00025110
     -0.00134899      -0.00025048
     -0.00134790      -0.00025017
     -0.00135420      -0.00025198
     -0.00134334      -0.00024886
     -0.00811490      -0.00269327
     -0.00361214      -0.00105176
     -0.00262004      -0.00067434
     -0.00191684      -0.00042718
     -0.00141788      -0.00027103
     -0.00127948      -0.00023162
     -0.00124282      -0.00022151
     -0.00113987      -0.00019392
     -0.00092274      -0.00013991
     -0.00061716      -0.00007501
     -0.00042352      -0.00004193
     -0.00014078      -0.00000780
     -0.00023777      -0.00001731
     -0.00134930      -0.00025185
     -0.00023307       0.00001654
      0.00340110      -0.01517637
     -0.00175781       0.00030308
     -0.00375641       0.00002446
     -0.00039919       0.00001365
     -0.00379715       0.00013310
     -0.00040930       0.00001790
     -0.00307381      -0.00078751
     -0.00037368      -0.00003379
     -0.00300209      -0.00073320
     -0.00037362      -0.00003145
     -0.00079171       0.00007206
     -0.00088448       0.00009330
     -0.00087383       0.00009209
     -0.00122158       0.00015475
     -0.00071982       0.00007205
     -0.00060426       0.00006471
     -0.00119788       0.00015171
     -0.00061554       0.00005216
     -0.00133044      -0.00026180
     -0.00133152      -0.00026222
     -0.00272715       0.00035882
     -0.00939518       0.00179854
     -0.00042238      -0.00002137
     -0.00041552      -0.00002094
     -0.00133995       0.00004966
     -0.00122649       0.00016841
     -0.00054841      -0.00004262
     -0.00125898       0.00001097
     -0.00041848       0.00001649
     -0.00047111      -0.00000944
     -0.00143961       0.00007641
     -0.00064397       0.00004524
     -0.00051862      -0.00004594
     -0.00061118       0.00001354
     -0.00040199       0.00002726
     -0.00040094       0.00002718
     -0.00120063      -0.00019851
     -0.00056612      -0.00003381
     -0.00068781      -0.00008188
     -0.00121707      -0.00021000
     -0.00064452      -0.00007857
     -0.00043335      -0.00004060
     -0.00040881      -0.00004085
     -0.00058976      -0.00005706
     -0.00119999      -0.00019525
     -0.00066710      -0.00008003
     -0.00046495       0.00003696
     -0.00065822      -0.00007739
     -0.00046011       0.00003655
     -0.00065148      -0.00007504
     -0.00066908      -0.00007876
     -0.00077447       0.00005624
     -0.00123039      -0.00021578
     -0.00067946      -0.00008130
     -0.00056950      -0.00003309
     -0.00120913      -0.00020455
     -0.00058907      -0.00006253
     -0.00123388      -0.00021801
     -0.00055356      -0.00003920
     -0.00937095       0.00181598
     -0.00310784       0.00047762
     -0.00938273       0.00181041
     -0.00318470       0.00051855
     -0.00131797       0.00000880
     -0.00052241      -0.00004054
     -0.00116894       0.00015834
     -0.00140711       0.00004924
     -0.00059744       0.00004887
     -0.00050985      -0.00000682
     -0.00125890      -0.00000412
     -0.00079451       0.00007887
     -0.00147314      -0.00028816
     -0.00143047      -0.00027548
     -0.00138921      -0.00026339
     -0.00173476      -0.00038739
     -0.00159227      -0.00033310
     -0.00141252      -0.00027323
     -0.00118434      -0.00020896
     -0.00083382      -0.00008973
     -0.00120142      -0.00022563
     -0.00122123      -0.00023047
     -0.00120365      -0.00022225
     -0.00133134      -0.00026222
     -0.00132575      -0.00026317
     -0.00153675      -0.00031128
     -0.00134561      -0.00026208
     -0.00120137      -0.00020602
     -0.00120320      -0.00022251
     -0.00122017      -0.00023418
     -0.00117300      -0.00021653
     -0.00110599      -0.00020086
     -0.00105972      -0.00018047
     -0.00203483      -0.00049640
     -0.00127148      -0.00024058
     -0.00116686      -0.00021458
     -0.00138755      -0.00026968
     -0.00111747      -0.00020295
     -0.00076575      -0.00007389
     -0.00131753      -0.00024787
     -0.00156759      -0.00027114
     -0.00132664      -0.00026284
     -0.00135654      -0.00026497
     -0.00135293      -0.00025108
     -0.00134460      -0.00025002
     -0.00135712      -0.00026486
     -0.00132527      -0.00026263
     -0.00135611      -0.00026478
     -0.00135053      -0.00025062
     -0.00136677      -0.00025560
     -0.00136514      -0.00026599
     -0.00133187      -0.00026235
     -0.00135959      -0.00026284
     -0.00133738      -0.00024382
     -0.00136431      -0.00025469
     -0.00136435      -0.00026565
     -0.00135999      -0.00026292
     -0.00133984      -0.00024449
     -0.00135848      -0.00025229
     -0.00136276      -0.00026482
     -0.00133081      -0.00026194
     -0.00136075      -0.00026323
     -0.00134549      -0.00024639
     -0.00135190      -0.00024922
     -0.00136153      -0.00026390
     -0.00144091      -0.00027790
     -0.00146249      -0.00028650
     -0.00191092      -0.00043970
     -0.00160863      -0.00034164
     -0.00150891      -0.00030354
     -0.00174975      -0.00039413
     -0.00135201      -0.00025762
     -0.00143605      -0.00028743
     -0.00176184      -0.00039900
     -0.00136017      -0.00025733
     -0.00150519      -0.00030925
     -0.00113696      -0.00019541
     -0.00109226      -0.00016722
     -0.00136173      -0.00025433
     -0.00144876      -0.00028617
     -0.00142444      -0.00027988
     -0.00128799      -0.00023611
     -0.00144877      -0.00029002
     -0.00155063      -0.00032403
     -0.00124674      -0.00022152
     -0.00136603      -0.00026438
     -0.00124181      -0.00022522
     -0.00164037      -0.00036280
     -0.00149145      -0.00030075
     -0.00172928      -0.00038304
     -0.00167867      -0.00036796
     -0.00179482      -0.00040060
     -0.00158063      -0.00032652
     -0.00163317      -0.00034985
     -0.00112010      -0.00017998
     -0.00136626      -0.00026539
     -0.00093118      -0.00011516
     -0.00088054      -0.00010769
     -0.00141334      -0.00027934
     -0.00155643      -0.00032594
     -0.00093235      -0.00015171
     -0.00092631      -0.00011532
     -0.00093464      -0.00012839
     -0.00128778      -0.00024583
     -0.00130853      -0.00025439
     -0.00129455      -0.00024844
     -0.00135862      -0.00026557
     -0.00128629      -0.00024746
     -0.00133298      -0.00026254
     -0.00136424      -0.00026954
     -0.00139321      -0.00027438
     -0.00135179      -0.00026207
     -0.00137099      -0.00027518
     -0.00127331      -0.00024099
     -0.00129369      -0.00024896
     -0.00132723      -0.00025931
     -0.00127071      -0.00024225
     -0.00134698      -0.00026611
     -0.00126330      -0.00023667
     -0.00135836      -0.00026647
     -0.00137667      -0.00027032
     -0.00121306      -0.00022846
     -0.00134231      -0.00026009
     -0.00135007      -0.00026546
     -0.00106580      -0.00017083
     -0.00134115      -0.00026691
     -0.00110653      -0.00018963
     -0.00120011      -0.00022407
     -0.00136790      -0.00026447
     -0.00136450      -0.00026632
     -0.00133228      -0.00025772
     -0.00125943      -0.00023042
     -0.00118315      -0.00021137
     -0.00126272      -0.00023625
     -0.00128841      -0.00025019
     -0.00129561      -0.00024816
     -0.00128396      -0.00025174
     -0.00127131      -0.00024350
     -0.00126250      -0.00022296
     -0.00126721      -0.00024043
     -0.00135975      -0.00026447
     -0.00070868      -0.00005106
     -0.00250181      -0.00064820
     -0.00116713      -0.00013476
     -0.00064755      -0.00005177
     -0.00202363      -0.00046059
     -0.00195165      -0.00044644
     -0.00342589      -0.00102203
     -0.00328479      -0.00098691
     -0.00341148      -0.00102217
     -0.00353174      -0.00102500
     -0.00350944      -0.00101216
     -0.00342224      -0.00102172
     -0.00328170      -0.00098661
     -0.00340997      -0.00102183
     -0.00352874      -0.00102363
     -0.00350917      -0.00101370
     -0.00341433      -0.00102108
     -0.00327549      -0.00098600
     -0.00340750      -0.00102113
     -0.00352114      -0.00102026
     -0.00346184      -0.00103556
     -0.00333362      -0.00100106
     -0.00346801      -0.00103609
     -0.00353261      -0.00101578
     -0.00346019      -0.00103521
     -0.00346627      -0.00103566
     -0.00353637      -0.00101722
     -0.00345755      -0.00103451
     -0.00332692      -0.00099982
     -0.00346193      -0.00103476
     -0.00354539      -0.00102154
     -0.00355696      -0.00102828
     -0.00108532      -0.00018471
     -0.00142609      -0.00023957
     -0.00138592      -0.00020654
     -0.00169260      -0.00032101
     -0.00141619      -0.00021592
     -0.00179471      -0.00034630
     -0.00130323      -0.00019422
     -0.00173385      -0.00030752
     -0.00145909      -0.00022769
     -0.00142284      -0.00020867
     -0.00150274      -0.00027556
     -0.00135419      -0.00021763
     -0.00171574      -0.00031525
     -0.00146878      -0.00025191
     -0.00152949      -0.00025480
     -0.00126298      -0.00018426
     -0.00158526      -0.00026788
     -0.00144069      -0.00023279
     -0.00133527      -0.00021420
     -0.00153285      -0.00025243
     -0.00146890      -0.00023945
     -0.00121682      -0.00017186
     -0.00150229      -0.00027027
     -0.00143332      -0.00022881
     -0.00167710      -0.00029803
     -0.00119039      -0.00016587
     -0.00141093      -0.00021033
     -0.00129341      -0.00018980
     -0.00128475      -0.00016945
     -0.00219116      -0.00044912
     -0.00130372      -0.00017908
     -0.00131775      -0.00017157
     -0.00183902      -0.00038183
     -0.00145322      -0.00023584
     -0.00130668      -0.00022058
     -0.00104938      -0.00013579
     -0.00121810      -0.00016859
     -0.00147913      -0.00022849
     -0.00174555      -0.00030780
     -0.00117751      -0.00015897
     -0.00183509      -0.00036157
     -0.00153754      -0.00026484
     -0.00149152      -0.00023300
     -0.00177697      -0.00031620
     -0.00097221      -0.00012157
     -0.00109544      -0.00014107
     -0.00179709      -0.00034335
     -0.00154211      -0.00027221
     -0.00099258      -0.00013689
     -0.00086055      -0.00010862
     -0.00120392      -0.00020723
     -0.00154048      -0.00024992
     -0.00215122      -0.00049735
     -0.00139237      -0.00022849
     -0.00134598      -0.00013457
     -0.00168442      -0.00031209
     -0.00036830      -0.00001090
     -0.00041099      -0.00000963
     -0.00046375      -0.00001975
     -0.00065191      -0.00006395
     -0.00079851      -0.00009260
     -0.00059923      -0.00007560
     -0.00055325      -0.00006647
     -0.00055672      -0.00006762
     -0.00069150      -0.00009538
     -0.00073576      -0.00010330
     -0.00081370      -0.00011905
     -0.00049386      -0.00004080
     -0.00045673      -0.00002982
     -0.00044862      -0.00002407
     -0.00037455      -0.00001303
     -0.00038011      -0.00001557
     -0.00033324      -0.00001273
     -0.00037425      -0.00001852
     -0.00061737      -0.00004879
     -0.00078874      -0.00008840
     -0.00072820      -0.00007679
     -0.00068035      -0.00005813
     -0.00061555      -0.00004497
     -0.00077850      -0.00008256
     -0.00076580      -0.00008359
     -0.00082424      -0.00008810
     -0.00086745      -0.00011787
     -0.00075375      -0.00009359
     -0.00067439      -0.00007415
     -0.00062905      -0.00006471
     -0.00052729      -0.00004305
     -0.00064874      -0.00006476
     -0.00060584      -0.00006185
     -0.00068095      -0.00007313
     -0.00086186      -0.00011898
     -0.00084832      -0.00011271
     -0.00043806      -0.00003652
     -0.00037685      -0.00002773
     -0.00035798      -0.00002422
     -0.00028602      -0.00001427
     -0.00027217      -0.00001162
     -0.00028020      -0.00001134
     -0.00026780      -0.00001060
     -0.00026869      -0.00000608
     -0.00028049      -0.00000830
     -0.00027512      -0.00000605
     -0.00048709      -0.00004555
     -0.00044371      -0.00003962
     -0.00045456      -0.00004141
     -0.00045482      -0.00003961
     -0.00041276      -0.00003245
     -0.00037518      -0.00002557
     -0.00037735      -0.00002705
     -0.00035940      -0.00002730
     -0.00034072      -0.00001709
     -0.00034282      -0.00002329
     -0.00018111      -0.00001138
     -0.00021417      -0.00001533
     -0.00026690      -0.00002181
     -0.00024353      -0.00001887
     -0.00021182      -0.00001506
     -0.00026360      -0.00002117
     -0.00030253      -0.00002625
     -0.00029436      -0.00002510
     -0.00031622      -0.00002814
     -0.00029995      -0.00002607
     -0.00029746      -0.00002456
     -0.00026681      -0.00001772
     -0.00032601      -0.00002663
     -0.00024927      -0.00001750
     -0.00027395      -0.00001898
     -0.00030583      -0.00002503
     -0.00033973      -0.00002500
     -0.00043865      -0.00004256
     -0.00061745      -0.00007937
     -0.00076128      -0.00011186
     -0.00053273      -0.00000813
     -0.00058404      -0.00002798
     -0.00062357      -0.00003387
     -0.00065667      -0.00003473
     -0.00065250      -0.00002773
     -0.00065006      -0.00003518
     -0.00057835      -0.00000751
     -0.00050968      -0.00000461
     -0.00048826      -0.00001263
     -0.00056879      -0.00003503
