QM Energy	FF Energy
     -0.00319448     -0.00394596
     -0.00230468     -0.00225624
     -0.00113466     -0.00100872
    -0.000466066    -0.000399461
     -6.9354e-05    -5.97288e-05
     -1.0575e-05    -9.30149e-06
      -1.788e-06    -1.59979e-06
        -7.2e-08    -8.09887e-08
      -0.0033929     -0.00384656
     -0.00139221     -0.00139385
    -0.000511785    -0.000509069
     -0.00018037    -0.000188012
     -2.1654e-05    -2.62222e-05
      -2.615e-06    -3.81504e-06
       -5.04e-07    -7.41713e-07
        -3.3e-08    -5.88181e-08
           5e-09     -4.5968e-12
     -0.00201921     -0.00385947
     -0.00281229       -0.002541
     -0.00135761     -0.00113031
    -0.000496497    -0.000425591
     -6.7565e-05    -6.45036e-05
     -1.0459e-05    -1.09865e-05
      -2.031e-06    -2.20981e-06
        -1.6e-07    -1.81886e-07
     -0.00890376     -0.00872024
     -0.00373131     -0.00318759
     -0.00139314     -0.00115364
    -0.000508619    -0.000428812
      -7.028e-05    -6.49585e-05
     -0.00250861     -0.00260812
    -0.000774395    -0.000651944
     -0.00030863    -0.000265271
     -4.3714e-05     -4.2161e-05
      -0.0028362     -0.00355911
     -0.00119003     -0.00134197
     -0.00044539    -0.000515262
    -0.000163617    -0.000203706
      -2.368e-05    -3.41117e-05
     -0.00430793     -0.00504019
     -0.00180427     -0.00182037
    -0.000671559    -0.000660884
    -0.000240453    -0.000243765
     -3.1141e-05    -3.51446e-05
    -0.000934639     -0.00154949
    -0.000373664    -0.000620549
     -0.00014407    -0.000249731
     -2.2662e-05    -4.17674e-05
      -4.402e-06    -7.59486e-06
      -1.117e-06    -1.62359e-06
       -1.25e-07     -1.4944e-07
           4e-09    -1.00113e-08
       -0.000911    -0.000970396
     -4.2622e-05    -6.17182e-05
      -0.0027485     -0.00177351
    -0.000116196    -9.59723e-05
    -0.000523985    -0.000472075
      -0.0019124     -0.00188284
     -9.9669e-05    -0.000111541
    -0.000572622    -0.000576852
     -0.00190316     -0.00204174
    -0.000103975    -0.000122561
    -0.000582717    -0.000629776
     -0.00163479     -0.00185959
     -9.0914e-05    -0.000115433
    -0.000504984    -0.000583957
     -0.00192536     -0.00204327
    -0.000106923    -0.000122282
    -0.000593771    -0.000629056
     -0.00148883     -0.00159511
     -7.9485e-05    -0.000100169
    -0.000451507    -0.000504446
     -0.00171124     -0.00186659
     -8.9909e-05    -0.000108967
    -0.000519174    -0.000572927
    -0.000773335     -0.00119024
     -4.1854e-05    -7.73105e-05
    -0.000236893    -0.000383213
    -0.000768531     -0.00134574
     -4.3317e-05    -8.76814e-05
      -0.0002401    -0.000433551
    -0.000765857     -0.00137462
     -4.4541e-05    -8.97013e-05
    -0.000241505    -0.000442663
    -0.000726996      -0.0013459
     -4.2205e-05    -8.82866e-05
    -0.000229599    -0.000434736
    -0.000763659     -0.00124133
     -4.3641e-05     -8.0847e-05
      -0.0002378    -0.000399222
     -0.00071941     -0.00132543
     -3.4371e-05    -8.24758e-05
    -0.000214808    -0.000422415
     -0.00182945      -0.0017842
     -9.4816e-05    -0.000106966
    -0.000547156     -0.00055016
     -0.00190607     -0.00199701
    -0.000105577    -0.000119482
    -0.000588143    -0.000614991
      -0.0018386     -0.00197643
    -0.000102911    -0.000119048
    -0.000569354     -0.00061055
     -9.6042e-05    -0.000115713
    -0.000532851     -0.00058871
     -0.00172259     -0.00175186
     -9.0996e-05    -0.000106362
    -0.000518519    -0.000543306
     -0.00183929     -0.00198066
      -9.927e-05    -0.000112923
    -0.000563644     -0.00060074
    -0.000970945     -0.00107102
     -4.3493e-05     -6.5155e-05
    -0.000276115    -0.000335091
     -0.00102217      -0.0012234
     -4.8359e-05    -7.47991e-05
    -0.000297768    -0.000382978
     -0.00105188     -0.00127953
     -5.1254e-05    -7.77304e-05
    -0.000309825    -0.000398567
     -0.00108576     -0.00129224
     -5.2593e-05    -7.83235e-05
    -0.000318081     -0.00040212
     -0.00103152     -0.00115925
     -4.8855e-05    -6.99305e-05
     -0.00029902    -0.000359786
     -0.00106644       -0.001033
     -4.6768e-05    -6.58569e-05
    -0.000304713    -0.000338936
    -0.000688731     -0.00103154
     -2.8342e-05    -6.28987e-05
    -0.000197821    -0.000326373
    -0.000694812     -0.00115869
     -2.9634e-05    -7.10389e-05
    -0.000203935    -0.000367138
    -0.000669726     -0.00116047
     -2.9541e-05    -7.17326e-05
    -0.000198041    -0.000368626
    -0.000678202     -0.00116121
     -2.9705e-05    -7.16113e-05
    -0.000200593     -0.00036858
    -0.000648932     -0.00103716
     -2.8581e-05    -6.42584e-05
    -0.000189413     -0.00032972
    -0.000665896     -0.00122212
     -3.0108e-05    -7.55222e-05
    -0.000198061     -0.00038837
    -0.000880251     -0.00098074
     -3.8031e-05    -6.12833e-05
    -0.000248213    -0.000312194
    -0.000969752      -0.0011543
     -4.6007e-05    -7.15917e-05
    -0.000284266    -0.000365027
     -0.00107665     -0.00129068
     -5.3641e-05    -7.82886e-05
    -0.000319764     -0.00040198
     -0.00101559     -0.00120699
     -0.00103932     -0.00120657
     -4.9875e-05    -7.26016e-05
    -0.000301845     -0.00037364
     -0.00103844     -0.00118531
    -0.000619108    -0.000841336
     -1.6368e-05    -4.92853e-05
    -0.000157037     -0.00026323
    -0.000654155    -0.000938349
     -1.8801e-05    -5.52732e-05
    -0.000171497    -0.000294069
    -0.000645326    -0.000937404
     -1.9026e-05    -5.55369e-05
    -0.000169794    -0.000294319
    -0.000654718    -0.000940474
     -1.9315e-05    -5.56358e-05
    -0.000171974    -0.000295085
    -0.000604737     -0.00084207
     -1.6929e-05    -4.98907e-05
    -0.000154801    -0.000264375
    -0.000683982    -0.000999766
     -2.8467e-05    -6.18414e-05
    -0.000196004    -0.000318064
    -0.000666344    -0.000948287
     -1.9023e-05     -5.5626e-05
    -0.000173956    -0.000296714
     -2.1427e-05    -6.23028e-05
    -0.000189814     -0.00033174
    -0.000696091     -0.00105611
     -2.1451e-05    -6.23514e-05
    -0.000188154     -0.00033111
    -0.000694886     -0.00105744
     -2.1389e-05    -6.23326e-05
    -0.000188061    -0.000331329
    -0.000655384    -0.000942686
     -1.9344e-05    -5.57607e-05
    -0.000172744    -0.000295791
    -0.000702854     -0.00115964
     -3.1306e-05     -7.1467e-05
    -0.000207885    -0.000367752
    -0.000615524    -0.000835606
     -1.6057e-05    -4.88689e-05
    -0.000156511    -0.000261398
    -0.000658967     -0.00093855
     -1.8828e-05    -5.51015e-05
    -0.000173046    -0.000293833
    -0.000650323     -0.00094075
     -1.9228e-05     -5.5653e-05
    -0.000170799    -0.000295192
    -0.000596157    -0.000842086
     -1.6807e-05    -4.99909e-05
    -0.000152414    -0.000264557
     -0.00164641     -0.00185752
     -9.2429e-05    -0.000114735
    -0.000511151    -0.000582049
     -0.00192099     -0.00203657
    -0.000105897    -0.000121725
    -0.000590865    -0.000626934
     -0.00454135     -0.00192825
    -0.000213067    -8.46649e-05
     -0.00138932    -0.000333498
    -0.000761768     -0.00137278
     -4.4123e-05    -8.92958e-05
    -0.000239975    -0.000441603
    -0.000768294     -0.00134102
     -4.3251e-05    -8.72181e-05
    -0.000240006    -0.000431861
     -0.00181417     -0.00197666
     -9.7828e-05    -0.000119926
    -0.000551236    -0.000612879
     -0.00188068     -0.00199918
     -0.00010033    -0.000120407
    -0.000569454    -0.000617772
     -0.00108519     -0.00126778
     -5.3916e-05    -7.62387e-05
     -0.00032308    -0.000393559
     -0.00104909     -0.00121523
     -5.0625e-05    -7.34608e-05
    -0.000309032    -0.000379003
     -0.00219483     -0.00168231
    -0.000658163    -0.000511711
    -0.000667624     -0.00115471
     -2.8862e-05    -7.11938e-05
    -0.000196143    -0.000366579
     -0.00069201     -0.00115347
     -2.8956e-05    -7.05238e-05
    -0.000201927    -0.000365241
     -4.8388e-05    -7.43426e-05
    -0.000297121     -0.00037935
     -0.00104334     -0.00128149
     -5.1667e-05     -7.7826e-05
    -0.000309257    -0.000399362
    -0.000937243     -0.00114411
     -4.4121e-05    -7.10744e-05
    -0.000274069    -0.000362104
     -5.0148e-05    -7.02505e-05
    -0.000309706    -0.000370648
    -0.000659841     -0.00094294
      -1.913e-05    -5.55505e-05
    -0.000172545    -0.000295452
    -0.000669871    -0.000943216
     -1.8933e-05    -5.52373e-05
    -0.000174507    -0.000294988
     -0.00239464      -0.0021845
    -0.000123308    -0.000127829
    -0.000688904     -0.00105343
     -2.0926e-05    -6.21334e-05
    -0.000185679    -0.000330206
    -0.000698237     -0.00105811
     -2.0892e-05     -6.2137e-05
    -0.000187225     -0.00033116
    -0.000652827    -0.000938378
     -1.9085e-05    -5.54136e-05
    -0.000172097    -0.000294299
      -0.0006396    -0.000937892
      -1.858e-05    -5.54387e-05
    -0.000167442    -0.000294262
    -0.000648566    -0.000935786
     -1.8192e-05    -5.48847e-05
    -0.000709143     -0.00102352
     -2.9964e-05    -6.28509e-05
    -0.000203777    -0.000324412
     -0.00190268     -0.00204139
    -0.000102978     -0.00012247
     -0.00057934    -0.000629523
    -0.000568532    -0.000606311
      -0.0017246     -0.00199906
     -9.6562e-05    -0.000114748
    -0.000537885    -0.000607715
     -0.00243144     -0.00172045
    -0.000113983    -0.000100507
    -0.000733601    -0.000525263
     -0.00176967     -0.00200543
      -8.817e-05     -0.00010782
    -0.000540091      -0.0006033
     -0.00262434     -0.00228232
    -0.000146322    -0.000113175
    -0.000860299      -0.0006562
    -0.000730908     -0.00134013
      -4.195e-05    -8.74077e-05
    -0.000229923    -0.000432113
    -0.000756852     -0.00133035
     -3.5807e-05    -8.31956e-05
    -0.000224036    -0.000424693
    -0.000746013     -0.00136158
     -3.6695e-05    -8.58255e-05
    -0.000222867    -0.000435263
     -0.00204263     -0.00213621
    -0.000104156    -0.000112855
    -0.000627612    -0.000635391
     -0.00110369     -0.00164721
     -5.1323e-05    -9.50664e-05
       -0.000327    -0.000510289
      -0.0011614     -0.00149841
     -4.8972e-05    -8.94241e-05
    -0.000334087    -0.000476864
     -0.00170282     -0.00187875
     -9.2601e-05    -0.000115742
     -0.00052066    -0.000587876
     -0.00163873     -0.00189527
     -9.1239e-05    -0.000109133
     -0.00162113      -0.0017397
     -8.5389e-05    -0.000104203
    -0.000499408    -0.000546157
     -0.00351777     -0.00214301
    -0.000185376    -0.000105983
     -0.00113113    -0.000570219
     -0.00108847     -0.00127093
     -5.3387e-05     -7.6326e-05
    -0.000321503    -0.000394334
    -0.000953613     -0.00118183
     -4.7014e-05    -7.20613e-05
    -0.000284367    -0.000372145
     -0.00108014     -0.00132932
     -5.6107e-05    -7.91192e-05
    -0.000325154    -0.000410331
     -0.00131271     -0.00147671
     -6.4681e-05    -8.55767e-05
    -0.000390379    -0.000453938
     -0.00139671     -0.00149308
     -7.1653e-05    -8.57198e-05
    -0.000428254    -0.000458752
     -2.8384e-05    -7.05189e-05
    -0.000197066     -0.00036449
    -0.000662307       -0.001238
     -3.0899e-05    -7.68604e-05
    -0.000198678    -0.000393807
    -0.000628573     -0.00125889
      -3.126e-05    -7.89993e-05
    -0.000192352    -0.000401446
      -0.0023366     -0.00243234
    -0.000131904    -0.000137365
    -0.000726117    -0.000733931
     -0.00108204     -0.00170327
      -5.984e-05    -0.000105108
    -0.000922942     -0.00164516
     -5.2538e-05    -0.000102195
     -0.00101204     -0.00119007
      -4.877e-05    -7.25525e-05
    -0.000298547    -0.000372849
     -0.00112181     -0.00104896
     -4.9698e-05    -6.68708e-05
    -0.000321488    -0.000344467
    -0.000971626     -0.00114577
     -4.7862e-05    -7.10419e-05
     -0.00029001    -0.000364375
     -0.00237983     -0.00187534
    -0.000115099    -0.000100773
    -0.000704887     -0.00055686
    -0.000658707    -0.000943434
     -1.8766e-05    -5.54335e-05
    -0.000171382    -0.000295365
    -0.000680938      -0.0010253
     -2.9865e-05    -6.35007e-05
    -0.000198148    -0.000325772
    -0.000685777     -0.00105193
     -3.1379e-05    -6.54173e-05
    -0.000201264    -0.000334292
    -0.000713223    -0.000669621
      -0.0011506     -0.00151136
     -6.3408e-05    -9.55634e-05
    -0.000352614    -0.000478635
     -0.00109697     -0.00146017
     -6.1776e-05    -9.28318e-05
    -0.000339935     -0.00046381
    -0.000679872     -0.00105296
     -2.0338e-05    -6.19308e-05
    -0.000183032     -0.00032978
    -0.000713983     -0.00116457
     -3.2087e-05    -7.19446e-05
    -0.000211365    -0.000369576
    -0.000703333     -0.00116253
     -3.2005e-05    -7.23374e-05
    -0.000208964     -0.00036992
    -0.000658109    -0.000940461
    -0.000697041     -0.00100709
     -2.9439e-05    -6.23838e-05
    -0.000200498    -0.000320439
    -0.000681204     -0.00102689
     -3.0324e-05    -6.39474e-05
    -0.000199174    -0.000326843
     -0.00247073     -0.00224493
    -0.000128648    -0.000130253
     -0.00074004     -0.00068542
     -2.5951e-05    -3.48907e-05
      -2.506e-06    -4.24521e-06
        -3.4e-08    -2.65952e-07
        1.07e-07     1.09261e-07
     -3.9978e-05    -3.69425e-05
      -5.091e-06    -5.66955e-06
       -7.93e-07    -9.53951e-07
       -1.77e-07    -1.94157e-07
          -6e-09    -7.39111e-12
    -0.000151977    -4.37821e-06
     -1.4406e-05    -2.23337e-07
       -7.63e-07     9.14817e-07
        1.99e-07     4.89143e-07
          -1e-09     9.98782e-09
     -8.2642e-05    -6.80651e-05
     -0.00923453     -0.00901401
     -0.00396798     -0.00344711
    -0.000577296    -0.000460969
     -1.3064e-05    -1.12191e-05
      -2.428e-06    -2.13986e-06
       -5.53e-07    -5.10787e-07
           5e-09     -1.0012e-08
     -1.5482e-05    -2.42512e-05
      -2.156e-06    -3.87138e-06
       -3.52e-07    -6.50915e-07
          -2e-09    -7.31345e-12
     -1.6822e-05    -2.60161e-05
      -2.596e-06    -4.33562e-06
       -4.82e-07      -8.013e-07
       -1.09e-07    -1.73157e-07
           4e-09    -7.30829e-12
     -1.8865e-05     -2.3279e-05
      -2.117e-06    -3.46898e-06
       -2.64e-07    -5.11869e-07
        -5.4e-08    -7.75494e-08
          -6e-09    -7.13248e-12
      -8.069e-06    -2.16184e-05
       -4.95e-07    -3.21673e-06
        1.11e-07    -4.33617e-07
         7.7e-08    -3.85793e-08
     -3.3584e-05    -4.50706e-05
      -5.281e-06    -7.70107e-06
      -1.043e-06     -1.5012e-06
       -2.72e-07    -3.63052e-07
      -5.215e-06    -2.15143e-05
        4.93e-07    -2.93657e-06
        4.46e-07    -2.77734e-07
        1.96e-07      3.4232e-08
          -1e-09    -9.34674e-12
     -0.00188918     -0.00187724
      -9.897e-05    -0.000111621
    -0.000566251    -0.000575948
     -0.00187335     -0.00200097
     -9.9568e-05    -0.000114419
    -0.000657701    -0.000523894
      -0.0010526     -0.00117808
     -4.9184e-05    -7.06428e-05
    -0.000335228    -0.000535725
     -0.00141181     -0.00141344
     -6.5833e-05    -8.17936e-05
    -0.000410753    -0.000436143
     -1.8574e-05     -5.5161e-05
    -0.000171799    -0.000294309
     -0.00116053      -0.0015038
     -6.3783e-05    -9.50052e-05
    -0.000356155    -0.000476262
    -0.000980962     -0.00151513
    -0.000459937    -0.000543161
    -0.000455795     -0.00054225
    -0.000207365    -0.000411731
    -0.000172895    -0.000299633
    -0.000201246    -0.000359192
    -0.000150858    -0.000253699
    -0.000177039    -0.000346171
    -0.000179373    -0.000346537
    -0.000934951    -0.000644181
    -0.000400901    -0.000690992
    -0.000282752    -0.000493285
    -0.000297567    -0.000498463
      -0.0016476      -0.0016461
     -7.5949e-05    -9.51019e-05
    -0.000304531    -0.000471533
     -0.00056559    -0.000483932
     -0.00392538     -0.00334477
    -0.000196661    -0.000174957
    -0.000947771    -0.000717376
     -0.00313284     0.000194991
     -0.00158026    -0.000541102
     -0.00455401     -0.00256947
      -0.0014315    -0.000586817
     -0.00292688      -0.0023841
    -0.000156791    -0.000109797
     -0.00300336     -0.00240104
    -0.000160265    -0.000110488
    -0.000972178     -0.00142985
     -5.1067e-05    -9.03777e-05
     -0.00219085     -0.00124087
    -0.000187254    -0.000136596
     -0.00030284    -0.000487369
    -0.000282727     -0.00044948
     -0.00083098     -0.00105999
     -3.8818e-05    -6.77229e-05
    -0.000242917     -0.00034256
     -0.00167388     -0.00187619
    -0.000389766    -0.000347637
     -0.00148646     -0.00130138
     -4.3177e-05    -6.30805e-05
    -0.000673593     -0.00104455
     -0.00141049     -0.00152515
    -0.000802964     -0.00140765
    -0.000185292    -0.000327681
    -0.000651234     -0.00086037
     -2.4959e-05    -5.24309e-05
     -0.00018207     -0.00027238
     -0.00170287      -0.0017718
    -0.000523427    -0.000541643
     -0.00152394     -0.00163242
    -0.000252423    -0.000447633
     -0.00389281     -0.00320658
    -0.000195764    -0.000174835
     -0.00169453     -0.00184877
    -0.000830777     -0.00150827
     -5.1181e-05    -9.98474e-05
     -8.7353e-05    -0.000111441
    -0.000909159     -0.00153934
     -5.4893e-05    -0.000101029
    -0.000290197    -0.000495892
     -9.0778e-05    -0.000112637
    -0.000536517    -0.000710404
     -2.2152e-05    -4.37737e-05
      -0.0001478    -0.000224089
    -0.000495413    -0.000612753
      -1.838e-05    -3.72458e-05
    -0.000129821    -0.000191974
    -0.000538976    -0.000683333
     -2.0257e-05    -4.12565e-05
    -0.000144891    -0.000214817
    -0.000407259     -0.00038743
     -0.00132424     -0.00102683
     -2.4795e-05    -5.38293e-05
    -0.000588118    -0.000738312
     -2.2962e-05    -4.54968e-05
    -0.000161839    -0.000234196
     -2.2902e-05    -5.17105e-05
     -0.00172084      -0.0018341
    -0.000490784    -0.000515519
     -2.5702e-05    -5.52352e-05
    -0.000572489    -0.000785965
     -2.4442e-05    -4.82709e-05
    -0.000161481    -0.000248156
     -2.3169e-05    -5.35949e-05
      -0.0014292     -0.00159537
    -0.000436285    -0.000500718
     -0.00331704     -0.00259524
    -0.000163783    -0.000133223
    -0.000973848    -0.000745377
     -0.00284132     -0.00192366
    -0.000122536    -0.000101867
    -0.000793995    -0.000563657
     -0.00329344      -0.0025796
    -0.000163427    -0.000131271
    -0.000970817    -0.000737776
     -0.00150902    -0.000570889
     -0.00497047     -0.00272613
     -3.9764e-05    -7.15515e-05
    -0.000235816    -0.000359556
    -0.000818762    -0.000909238
     -3.8096e-05    -5.71508e-05
    -0.000237548    -0.000291546
    -0.000835677     -0.00108511
     -3.9495e-05    -6.82468e-05
    -0.000245178    -0.000347694
     -0.00175041     -0.00198609
    -0.000914438      -0.0012521
     -4.8801e-05    -7.75822e-05
    -0.000278734    -0.000394216
    -0.000897523     -0.00106318
     -4.5051e-05     -6.5025e-05
    -0.000264851    -0.000332386
    -0.000917831      -0.0012298
     -4.7226e-05    -7.58796e-05
     -0.00027577    -0.000386962
      -0.0018807     -0.00144932
    -0.000562863    -0.000488126
     -0.00174722     -0.00191281
     -8.5599e-05    -0.000102338
    -0.000534014    -0.000576368
    -0.000806701    -0.000445505
     -0.00102286     -0.00153984
     -4.5424e-05    -8.84111e-05
    -0.000304784    -0.000478909
     -0.00186826     -0.00199337
     -9.5569e-05    -0.000107154
    -0.000578992    -0.000599308
      -0.0016021      -0.0011487
     -7.2494e-05     -7.2669e-05
    -0.000472936    -0.000376471
     -5.8481e-05    -7.51956e-05
    -0.000373247    -0.000400487
    -0.000920831     -0.00162929
     -5.1904e-05    -0.000100574
     -0.00029141     -0.00051485
      -0.0017307     -0.00106012
     -7.4502e-05    -7.31887e-05
    -0.000497079     -0.00036305
     -0.00103236     -0.00137816
     -5.6717e-05    -8.86927e-05
    -0.000318122    -0.000441383
     -0.00114765     -0.00145332
     -6.1366e-05    -9.20867e-05
    -0.000348515    -0.000461296
    -0.000960931       -0.001363
     -5.3644e-05    -8.83401e-05
    -0.000297484    -0.000437989
    -0.000335463    -0.000607039
     -7.7421e-05    -9.41134e-05
    -0.000436359    -0.000492325
    -0.000267638    -0.000488097
     -0.00118672    -0.000962682
    -0.000262654    -0.000312979
    -0.000835079     -0.00121751
     -4.3966e-05    -7.77534e-05
    -0.000252785    -0.000389562
    -0.000863593     -0.00101475
    -0.000256641    -0.000321354
    -0.000841513     -0.00123557
     -4.4447e-05      -7.837e-05
    -0.000255325    -0.000393771
    -0.000818993     -0.00123585
      -4.455e-05      -7.861e-05
    -0.000251557    -0.000394065
    -0.000767249    -0.000527775
     -0.00322206     -0.00249604
     -0.00015842    -0.000128014
     -0.00319226     -0.00246518
    -0.000155853    -0.000127427
     -0.00093635     -0.00071155
     -0.00279007     -0.00183598
    -0.000118738    -9.82107e-05
    -0.000778962    -0.000541977
     -0.00332889     -0.00262037
     -0.00016559    -0.000133673
     -0.00098048    -0.000750072
     -0.00325023     -0.00252379
    -0.000159008    -0.000130241
    -0.000952395    -0.000727251
     -0.00284211     -0.00195199
    -0.000123496    -0.000103351
    -0.000795265    -0.000571546
    -0.000866427    -0.000913935
     -3.8751e-05    -5.57989e-05
    -0.000248701    -0.000289314
    -0.000820953     -0.00104597
     -3.7243e-05    -6.62594e-05
    -0.000237932    -0.000336702
    -0.000863469     -0.00112495
     -4.1317e-05    -7.03544e-05
     -0.00025406    -0.000357604
    -0.000897091     -0.00100649
     -4.2859e-05    -6.12595e-05
    -0.000261034    -0.000315497
     -0.00085843     -0.00121049
     -4.4427e-05    -7.57497e-05
    -0.000257998    -0.000382812
    -0.000916537     -0.00122431
     -4.6908e-05    -7.59688e-05
    -0.000275167    -0.000386051
    -0.000857357     -0.00102034
     -4.3236e-05    -6.31055e-05
    -0.000253963    -0.000321153
    -0.000928422      -0.0011856
     -4.6425e-05    -7.25723e-05
    -0.000277773    -0.000373231
    -0.000891996     -0.00111344
     -4.2459e-05    -6.88541e-05
    -0.000263599    -0.000353725
    -0.000906783    -0.000796511
     -3.7171e-05    -5.24962e-05
    -0.000250997    -0.000266853
    -0.000858596     -0.00119148
      -4.505e-05    -7.39983e-05
    -0.000261156    -0.000376769
     -1.3447e-05    -2.95065e-05
    -0.000124652    -0.000154445
    -0.000562808     -0.00063047
     -1.8377e-05     -3.7918e-05
    -0.000145686    -0.000199231
    -0.000564667     -0.00060987
      -1.824e-05    -3.72801e-05
    -0.000145653    -0.000194321
    -0.000494896     -0.00054277
     -1.5105e-05    -3.27119e-05
    -0.000123694    -0.000171257
    -0.000529649    -0.000718341
     -2.1993e-05    -4.39686e-05
    -0.000146122    -0.000226038
     -0.00054679    -0.000658058
     -2.0331e-05    -4.05029e-05
    -0.000146589    -0.000208524
    -0.000486015    -0.000648208
     -1.9326e-05     -3.9554e-05
    -0.000129696    -0.000202575
    -0.000603414    -0.000735984
     -2.2015e-05    -4.42102e-05
    -0.000163164    -0.000231714
    -0.000627502    -0.000842289
     -2.2595e-05    -5.09128e-05
    -0.000172725    -0.000266279
    -0.000623125    -0.000866873
     -2.3677e-05    -5.24805e-05
    -0.000173882    -0.000273714
    -0.000583249    -0.000766885
     -2.3267e-05    -4.64377e-05
     -0.00016156    -0.000241432
    -0.000575606     -0.00088179
     -2.3928e-05    -5.43849e-05
    -0.000164481    -0.000279757
    -0.000617355    -0.000890872
     -2.5196e-05    -5.44288e-05
    -0.000174934    -0.000281741
    -0.000584641    -0.000779587
     -2.4709e-05    -4.80878e-05
    -0.000164272    -0.000246484
    -0.000624318    -0.000873775
      -2.332e-05    -5.26183e-05
    -0.000172329    -0.000275338
     -0.00066481    -0.000862435
     -2.4357e-05    -5.18641e-05
    -0.000182879    -0.000271905
    -0.000603762    -0.000711008
     -2.1582e-05    -4.33221e-05
    -0.000162103    -0.000225494
    -0.000612488    -0.000880244
     -2.4645e-05    -5.39483e-05
    -0.000172754    -0.000278744
    -0.000561693    -0.000795917
     -1.8385e-05    -4.85575e-05
    -0.000146798    -0.000251766
    -0.000623691    -0.000924781
     -2.0815e-05     -5.5722e-05
    -0.000167858    -0.000291662
    -0.000583522    -0.000807638
     -1.9356e-05    -4.90021e-05
    -0.000152855    -0.000254696
    -0.000630855    -0.000931256
     -2.1233e-05    -5.59976e-05
    -0.000170195    -0.000293353
    -0.000627446    -0.000925907
     -2.0998e-05    -5.57703e-05
    -0.000168931    -0.000291952
    -0.000787108     -0.00112398
    -0.000612999    -0.000899061
     -0.00017465    -0.000284663
    -0.000615476    -0.000849792
    -0.000170603    -0.000269033
     -0.00060665    -0.000874051
     -0.00017303    -0.000277313
    -0.000583244    -0.000877434
    -0.000163786    -0.000277662
     -1.5505e-05    -2.46078e-05
      -2.332e-06    -4.04111e-06
        -1.3e-07    -1.62825e-07
          -1e-09    -7.05394e-12
     -2.5715e-05    -3.51902e-05
      -2.535e-06    -4.28014e-06
        -4.6e-08    -2.73692e-07
        1.04e-07     1.09467e-07
          -4e-09     9.98917e-09
     -1.2947e-05    -3.11417e-05
       -4.95e-07    -3.45756e-06
        3.52e-07    -2.68151e-08
        2.07e-07     1.97862e-07
          -9e-09     9.98934e-09
     -1.7229e-05    -3.18091e-05
      -3.033e-06    -5.47483e-06
       -6.99e-07      -1.066e-06
       -2.04e-07    -2.60898e-07
           2e-09    -8.87792e-12
     -2.8264e-05    -3.37855e-05
      -2.664e-06    -4.03284e-06
        -3.3e-08    -2.21527e-07
        1.13e-07     1.18707e-07
          -3e-09     9.98917e-09
     -7.2888e-05    -6.86748e-05
     -1.1245e-05    -1.16013e-05
      -2.154e-06     -2.3089e-06
       -5.36e-07    -5.77791e-07
           1e-09    -1.00118e-08
     -5.7103e-05    -4.93572e-05
      -8.336e-06    -7.88686e-06
      -1.449e-06    -1.41975e-06
       -3.24e-07    -3.16439e-07
          -3e-09    -9.28353e-12
    -0.000149822    -4.90416e-06
      -1.418e-05    -3.25321e-07
       -7.44e-07     8.88567e-07
           2e-07     4.79512e-07
              -0     9.98782e-09
      -1.613e-05     -2.5265e-05
      -2.483e-06    -4.20313e-06
       -4.62e-07    -7.67147e-07
       -1.05e-07    -1.72616e-07
           5e-09    -7.28626e-12
     -3.5222e-05    -4.29817e-05
      -4.937e-06    -6.37035e-06
       -6.92e-07    -9.21467e-07
        -7.9e-08    -1.19984e-07
           2e-09    -1.11836e-11
       -1.28e-05    -2.62059e-05
      -1.525e-06    -4.09808e-06
       -2.04e-07    -6.45079e-07
        -4.7e-08    -1.10072e-07
     -1.4836e-05    -2.71171e-05
       -1.82e-06    -4.20122e-06
       -2.43e-07    -6.58543e-07
          -5e-08    -1.11853e-07
          -6e-09    -9.22397e-12
     -3.1535e-05    -3.77775e-05
      -3.748e-06     -5.2026e-06
       -3.71e-07    -6.01888e-07
          -1e-09    -2.09937e-08
          -4e-09    -1.11834e-11
        -2.6e-06    -3.94663e-06
       -3.78e-07    -6.22028e-07
        -8.2e-08    -1.07746e-07
          -7e-09    -7.15638e-12
     -4.3559e-05    -4.01149e-05
      -6.001e-06    -6.42326e-06
      -1.038e-06    -1.16871e-06
      -7.305e-06    -1.80488e-05
       -4.75e-07    -2.63067e-06
         9.4e-08    -3.33673e-07
         7.3e-08    -1.23824e-08
              -0    -6.79692e-12
     -7.3016e-05    -6.05877e-05
     -1.1356e-05    -9.91392e-06
      -2.084e-06     -1.8768e-06
       -4.71e-07    -4.35416e-07
           4e-09    -1.00108e-08
      -5.989e-06     -1.9563e-05
        2.34e-07    -2.67439e-06
        3.41e-07    -2.59394e-07
        1.46e-07     2.19686e-08
          -5e-09    -8.53863e-12
     -3.4064e-05    -4.52248e-05
      -5.329e-06    -7.72073e-06
      -1.046e-06    -1.50224e-06
       -2.71e-07    -3.63165e-07
               0    -1.14238e-11
     -3.7632e-05    -4.49201e-05
      -5.866e-06    -7.14177e-06
      -1.065e-06    -1.22079e-06
        -5.8e-08    -6.05977e-08
           1e-09    -1.11455e-11
     -3.6851e-05    -4.49991e-05
      -1.044e-06    -1.20894e-06
       -2.15e-07    -2.37107e-07
           5e-09    -1.11864e-11
     -3.2636e-05    -3.80297e-05
      -3.207e-06    -4.34714e-06
        -2.8e-08    -1.59473e-07
        1.52e-07     1.74732e-07
          -4e-09      9.9883e-09
    -0.000302426    -0.000364612
    -0.000291963    -0.000520707
     -2.0223e-05    -4.07564e-05
      -3.378e-06    -6.65287e-06
       -6.87e-07    -1.16638e-06
       -1.65e-07    -2.36383e-07
           6e-09    -1.20483e-11
    -0.000608926    -0.000844196
     -2.4732e-05     -3.8679e-05
      -4.307e-06    -6.83183e-06
        -9.8e-07    -1.39671e-06
       -1.02e-07    -1.17942e-07
           1e-09    -1.00103e-08
     -1.6777e-05    -2.95308e-05
           3e-09    -7.38213e-12
     -3.4835e-05    -4.22383e-05
      -5.553e-06    -7.05081e-06
      -1.066e-06    -1.31949e-06
           3e-09    -1.04311e-11
     -2.8738e-05    -3.78679e-05
       -4.31e-06    -6.19175e-06
       -7.78e-07    -1.10926e-06
       -1.84e-07    -2.31989e-07
          -1e-09    -1.04349e-11
      -2.001e-06    -2.42713e-05
       1.906e-06    -2.91856e-06
        9.76e-07    -9.30528e-08
        3.97e-07     1.40818e-07
               0     9.98815e-09
     -0.00325256     -0.00383281
    -0.000474229    -0.000588191
      -2.536e-06    -4.82779e-06
       -4.59e-07    -8.47906e-07
       -1.03e-07    -1.71722e-07
           3e-09    -9.19551e-12
        -4.3e-08    -5.34685e-08
     -0.00118841    -0.000963841
     -0.00125479     -0.00101377
     -0.00112372    -0.000919767
     -0.00124505      -0.0010049
     -0.00122652    -0.000990805
     -0.00121409    -0.000981851
     -0.00119172     -0.00096614
     -0.00119966    -0.000971672
     -0.00117803    -0.000956695
     -0.00117443    -0.000954217
      -0.0011726    -0.000952968
      -0.0011833    -0.000960316
     -0.00116512    -0.000947848
     -0.00937674     -0.00923659
     -0.00406545     -0.00354551
     -0.00280722     -0.00237006
     -0.00191932     -0.00158037
     -0.00130448     -0.00105536
     -0.00113855    -0.000916984
     -0.00109508    -0.000880966
    -0.000974233    -0.000781386
     -0.00072682    -0.000579955
    -0.000404194    -0.000321967
     -0.00022528    -0.000180567
     -3.3783e-05    -2.80814e-05
     -8.6173e-05    -7.03112e-05
     -0.00117156    -0.000949697
     -4.7647e-05    -8.44091e-05
     -0.00926864      -0.0206789
    -0.000465892     4.01447e-05
     -0.00354539     -0.00263433
    -0.000193281    -0.000134709
     -0.00355821     -0.00254452
    -0.000193243     -0.00013114
     -0.00363795     -0.00296172
    -0.000193694    -0.000154141
     -0.00355342     -0.00287744
    -0.000187421    -0.000150971
    -0.000679049      -0.0010432
    -0.000672704     -0.00110703
    -0.000689593     -0.00110876
    -0.000942439    -0.000655671
    -0.000495515    -0.000511873
     -0.00036434    -0.000468171
    -0.000963731    -0.000660638
    -0.000475555    -0.000523856
     -0.00115325    -0.000970113
     -0.00116027    -0.000970953
     -0.00147079    -0.000582813
     -0.00310229       0.0002118
    -0.000297044    -0.000455181
    -0.000290188    -0.000453449
     -0.00111427    -0.000756324
    -0.000636178    -0.000435914
    -0.000551224    -0.000597708
     -0.00107683    -0.000778641
    -0.000302107    -0.000485775
    -0.000517044    -0.000572354
     -0.00112918    -0.000739187
    -0.000350774    -0.000470082
     -0.00042328    -0.000395207
    -0.000375872    -0.000332444
    -0.000187036    -0.000328298
    -0.000185954    -0.000328645
     -0.00108727    -0.000851357
    -0.000429518    -0.000480226
    -0.000520614    -0.000554189
      -0.0011036    -0.000866856
      -0.0004836    -0.000538139
    -0.000259904     -0.00045381
    -0.000253255    -0.000450449
    -0.000459221    -0.000508024
     -0.00107468    -0.000845426
    -0.000511838    -0.000550637
     -0.00017468    -0.000345814
    -0.000514017    -0.000575795
    -0.000178209    -0.000346354
    -0.000503198    -0.000570039
    -0.000524334    -0.000579538
    -0.000386111     -0.00029942
     -0.00110563    -0.000872161
    -0.000528681    -0.000561079
    -0.000445395     -0.00049018
     -0.00108513    -0.000856777
    -0.000507596    -0.000539253
     -0.00111086    -0.000876312
    -0.000462388    -0.000501521
     -0.00298659     0.000261851
     -0.00160015    -0.000515974
     -0.00302939     0.000245241
     -0.00163497    -0.000487635
     -0.00110228    -0.000786549
    -0.000537664    -0.000602547
    -0.000619654    -0.000449839
     -0.00112341    -0.000761435
    -0.000512675    -0.000528257
    -0.000498307     -0.00056543
     -0.00106741    -0.000787757
    -0.000534251    -0.000497837
     -0.00131701     -0.00107137
     -0.00126666     -0.00102914
      -0.0012182    -0.000988605
     -0.00190642     -0.00153778
     -0.00151159     -0.00129177
     -0.00134689     -0.00118867
      -0.0011685     -0.00104451
    -0.000580968    -0.000687118
     -0.00106243    -0.000860924
     -0.00112336    -0.000913624
     -0.00104242    -0.000832456
     -0.00120736    -0.000986192
      -0.0012092     -0.00101111
     -0.00141113     -0.00121383
     -0.00122054     -0.00100328
     -0.00108205    -0.000915728
     -0.00103916    -0.000828775
     -0.00111723    -0.000951277
     -0.00101996    -0.000838855
    -0.000994101    -0.000854954
    -0.000885584    -0.000732746
     -0.00227727     -0.00184127
     -0.00116282    -0.000929345
     -0.00107061    -0.000912714
     -0.00124796     -0.00100769
     -0.00101892    -0.000889911
    -0.000547928    -0.000668182
     -0.00114452    -0.000933619
     -0.00143428     -0.00161005
     -0.00118757    -0.000990041
     -0.00120909    -0.000989305
     -0.00122454    -0.000986309
     -0.00122266    -0.000989664
     -0.00121267    -0.000991253
      -0.0011836    -0.000989652
     -0.00120768     -0.00098954
      -0.0012226    -0.000986928
     -0.00120733     -0.00097709
     -0.00118873     -0.00097508
      -0.0011626    -0.000971222
     -0.00118957    -0.000968702
     -0.00119754     -0.00096134
     -0.00120535    -0.000975793
     -0.00118681    -0.000974382
     -0.00118761     -0.00096886
       -0.001197    -0.000962163
     -0.00120098    -0.000972428
     -0.00118305    -0.000972681
     -0.00115559    -0.000970393
     -0.00118359    -0.000969483
     -0.00119632    -0.000964557
     -0.00119738    -0.000968256
     -0.00118137    -0.000970818
     -0.00142685      -0.0012438
     -0.00146169     -0.00124954
     -0.00198273     -0.00164523
     -0.00153226     -0.00130205
     -0.00150924     -0.00129246
     -0.00186561      -0.0015034
     -0.00132464     -0.00116198
     -0.00145043     -0.00122829
     -0.00179905     -0.00149792
     -0.00127844     -0.00110842
     -0.00150899     -0.00125401
    -0.000981585    -0.000762984
     -0.00107009    -0.000992691
     -0.00124076     -0.00107995
     -0.00135576     -0.00116921
     -0.00133918     -0.00115069
     -0.00126597     -0.00110197
     -0.00138326     -0.00118558
     -0.00150594     -0.00128181
     -0.00118063      -0.0010362
     -0.00134248     -0.00114985
     -0.00115266     -0.00102961
     -0.00174254      -0.0014567
     -0.00140565     -0.00123549
     -0.00189016      -0.0015227
     -0.00180152     -0.00146901
     -0.00196328     -0.00154039
     -0.00156316     -0.00127899
     -0.00173056     -0.00140652
    -0.000971752    -0.000916339
     -0.00129922     -0.00112189
    -0.000685156    -0.000733922
    -0.000669013    -0.000728314
     -0.00128652     -0.00115413
     -0.00150277     -0.00125414
    -0.000778559    -0.000660371
    -0.000703339    -0.000727456
    -0.000805821    -0.000816232
     -0.00119174    -0.000977862
     -0.00118963    -0.000983384
     -0.00119006    -0.000972641
     -0.00124764     -0.00100891
     -0.00118166    -0.000973415
     -0.00123007      -0.0010121
     -0.00124139     -0.00101908
     -0.00126677     -0.00102862
     -0.00123954      -0.0010114
     -0.00124485     -0.00103067
      -0.0011696    -0.000966547
     -0.00118359    -0.000982149
     -0.00120975    -0.000984603
     -0.00115848    -0.000964187
     -0.00120408    -0.000983637
     -0.00109756    -0.000883354
     -0.00123056    -0.000994099
      -0.0012418     -0.00101208
     -0.00112116    -0.000941588
     -0.00122813     -0.00100091
     -0.00122766      -0.0010105
    -0.000889197    -0.000781714
     -0.00122097     -0.00101503
    -0.000908455    -0.000751877
     -0.00107427    -0.000868919
     -0.00122055    -0.000982224
       -0.001228    -0.000993754
     -0.00120283    -0.000965414
     -0.00109603    -0.000875936
     -0.00100785    -0.000811065
     -0.00110783    -0.000888094
     -0.00117027    -0.000970347
     -0.00119189    -0.000986204
     -0.00117508    -0.000972102
      -0.0011681    -0.000973987
     -0.00109932    -0.000918016
     -0.00112088    -0.000900836
     -0.00124882     -0.00101294
    -0.000528751    -0.000756637
     -0.00284811     -0.00248281
     -0.00101612    -0.000911266
    -0.000449893    -0.000418864
     -0.00219673     -0.00168903
     -0.00222234     -0.00169578
     -0.00405373     -0.00342798
     -0.00401476     -0.00339157
      -0.0040319     -0.00341649
      -0.0039881     -0.00345443
     -0.00396648     -0.00346376
     -0.00404452      -0.0034265
     -0.00400522     -0.00339088
     -0.00402555     -0.00341655
     -0.00398231     -0.00345437
     -0.00396032     -0.00346024
     -0.00402492     -0.00342297
     -0.00398608     -0.00338951
     -0.00401391     -0.00341723
     -0.00396965      -0.0034548
     -0.00397247     -0.00338163
     -0.00393617     -0.00334582
     -0.00396163     -0.00337092
     -0.00388576     -0.00338996
     -0.00396277     -0.00337988
     -0.00395353     -0.00337061
     -0.00388371     -0.00339176
     -0.00394285     -0.00337583
      -0.0039037     -0.00334266
     -0.00393769     -0.00337049
     -0.00388174     -0.00339742
     -0.00388819     -0.00340685
    -0.000989804    -0.000762765
      -0.0011543     -0.00123405
     -0.00120294     -0.00133879
      -0.0014801     -0.00149758
     -0.00123645     -0.00138513
     -0.00164962     -0.00170312
     -0.00101921     -0.00117334
      -0.0015487     -0.00149656
     -0.00132212     -0.00141536
     -0.00126618     -0.00145371
     -0.00127504     -0.00135717
     -0.00106452     -0.00116688
     -0.00152482     -0.00151607
     -0.00123289     -0.00134896
     -0.00127217      -0.0013402
    -0.000989033     -0.00113698
     -0.00143184     -0.00147188
     -0.00116336     -0.00130446
     -0.00107129     -0.00117891
     -0.00134125     -0.00135196
     -0.00121054     -0.00124772
    -0.000915573     -0.00107781
     -0.00128651     -0.00132412
      -0.0011638     -0.00130755
     -0.00146748     -0.00144231
    -0.000911998     -0.00108122
     -0.00125551     -0.00141373
     -0.00106033     -0.00119126
     -0.00111011     -0.00132821
      -0.0019114     -0.00235307
     -0.00114458      -0.0013409
     -0.00115353     -0.00140455
     -0.00171134     -0.00176284
     -0.00134238     -0.00138057
     -0.00110965    -0.000967052
     -0.00103602     -0.00113844
    -0.000990214     -0.00116037
     -0.00127708     -0.00148448
     -0.00153154     -0.00145866
    -0.000972998     -0.00112998
     -0.00170102     -0.00157394
     -0.00139502     -0.00148903
     -0.00135115     -0.00145149
     -0.00157889     -0.00149556
     -0.00070067    -0.000679803
    -0.000984142    -0.000992853
     -0.00172419     -0.00170585
     -0.00146949     -0.00146536
    -0.000784393    -0.000780556
    -0.000662967     -0.00067272
     -0.00101447    -0.000957334
     -0.00159008     -0.00140327
     -0.00221226     -0.00209414
     -0.00121981     -0.00138944
     -0.00130533     -0.00114285
     -0.00168791     -0.00173265
    -0.000231778    -0.000354563
    -0.000300902     -0.00047648
    -0.000352722    -0.000516047
    -0.000519664     -0.00059059
    -0.000698158    -0.000758019
     -0.00036208    -0.000313274
    -0.000318648    -0.000272885
    -0.000341663    -0.000298662
    -0.000503956    -0.000464248
    -0.000648604    -0.000609701
    -0.000567264    -0.000513279
     -0.00032543     -0.00038697
    -0.000289789    -0.000374164
     -0.00029463    -0.000400217
    -0.000230757    -0.000349685
      -0.0002316       -0.000341
     -0.00019173    -0.000289971
     -0.00024111    -0.000351553
    -0.000501685    -0.000608967
    -0.000706308    -0.000782373
    -0.000626194    -0.000705303
     -0.00058882    -0.000725928
     -0.00053009    -0.000703842
    -0.000722031    -0.000858042
    -0.000696607    -0.000818734
    -0.000782743    -0.000942088
    -0.000783438    -0.000842467
    -0.000661679    -0.000747619
    -0.000580008    -0.000699722
    -0.000519591    -0.000632445
    -0.000408751    -0.000553815
    -0.000560782    -0.000719075
    -0.000493385    -0.000628472
    -0.000601371    -0.000762697
    -0.000848367     -0.00100745
    -0.000829567    -0.000991403
    -0.000303716    -0.000490195
    -0.000233175    -0.000393922
    -0.000217618    -0.000382795
    -0.000148182    -0.000282656
    -0.000139978    -0.000276238
    -0.000150283    -0.000294635
     -0.00013929    -0.000272938
    -0.000150513    -0.000297904
    -0.000161511    -0.000313558
    -0.000158993    -0.000310537
    -0.000374525     -0.00063859
    -0.000313116    -0.000528933
    -0.000321879    -0.000544034
    -0.000327312     -0.00054189
     -0.00027932    -0.000490201
    -0.000242283    -0.000419208
    -0.000237967    -0.000382123
    -0.000206646    -0.000308912
     -0.00021252    -0.000350268
     -0.00019615    -0.000315652
     -4.6378e-05    -7.20186e-05
      -5.936e-05    -0.000102409
     -9.0998e-05    -0.000152956
     -7.3465e-05    -0.000139195
      -5.468e-05    -0.000103369
     -8.8451e-05    -0.000148862
     -0.00011943    -0.000191184
    -0.000112611    -0.000188326
    -0.000127894    -0.000229945
    -0.000114651    -0.000208279
    -0.000125603    -0.000148964
    -0.000104834    -0.000107795
    -0.000142056    -0.000128189
     -8.9268e-05    -8.57414e-05
    -0.000108218    -0.000110535
    -0.000130968     -0.00012762
    -0.000162501    -0.000156859
    -0.000251426     -0.00024091
     -0.00044211    -0.000423427
    -0.000566679    -0.000513195
    -0.000426982     -0.00067769
    -0.000484492    -0.000710264
    -0.000545473    -0.000793704
    -0.000594929    -0.000870266
     -0.00061257     -0.00094173
    -0.000581942    -0.000851712
    -0.000498088    -0.000796975
     -0.00040345    -0.000656622
    -0.000366421    -0.000574332
    -0.000457635    -0.000649693
