QM Energy	FF Energy
      -0.0268141       -0.026986
      -0.0185164      -0.0187591
      -0.0118689      -0.0118345
     -0.00759601     -0.00757022
     -0.00358299     -0.00373263
     -0.00200471     -0.00221893
     -0.00124946     -0.00145911
    -0.000586217    -0.000741698
      -0.0278928      -0.0274841
      -0.0150145      -0.0153932
      -0.0087841     -0.00948038
     -0.00559665      -0.0063735
     -0.00277332     -0.00346995
      -0.0016129     -0.00217659
     -0.00107057     -0.00145507
    -0.000541059    -0.000745041
    -0.000192664    -0.000273366
      -0.0244753      -0.0235448
      -0.0182857      -0.0186645
      -0.0115101      -0.0123653
     -0.00733607     -0.00845289
     -0.00370778     -0.00469947
     -0.00224633     -0.00299908
     -0.00149517     -0.00207346
    -0.000779855     -0.00114953
      -0.0411452       -0.043022
      -0.0212935      -0.0216222
      -0.0120788      -0.0130303
      -0.0076025     -0.00880782
     -0.00381635     -0.00486402
      -0.0193445      -0.0168457
     -0.00879787      -0.0103441
     -0.00590105     -0.00746556
     -0.00306153     -0.00421769
      -0.0277724      -0.0270073
      -0.0143556      -0.0149401
     -0.00821795     -0.00939596
     -0.00526734     -0.00658558
     -0.00279244     -0.00390433
      -0.0340876      -0.0340344
      -0.0179212      -0.0179304
      -0.0102166      -0.0105705
     -0.00637194     -0.00693122
     -0.00310627     -0.00372149
      -0.0129719      -0.0143871
     -0.00771336     -0.00973774
     -0.00513566     -0.00712515
     -0.00289317     -0.00439313
     -0.00191618     -0.00298506
      -0.0013595      -0.0021337
    -0.000761222     -0.00119903
    -0.000307361    -0.000484722
     -0.00357723     -0.00612869
    -0.000437324     -0.00193668
     -0.00589331     -0.00647363
     0.000109886     -0.00024199
      0.00585277      0.00905064
      -0.0131383      -0.0141666
     -0.00317509     -0.00459626
     -0.00652104     -0.00820257
      -0.0143003      -0.0162372
       -0.003678     -0.00530145
     -0.00730238     -0.00940135
      -0.0121714      -0.0157559
     -0.00328372     -0.00539034
     -0.00625825     -0.00930038
      -0.0161629      -0.0171647
      -0.0042791     -0.00569822
     -0.00842137     -0.00999723
     -0.00951375      -0.0131998
     -0.00248444     -0.00473633
     -0.00471574     -0.00795626
       -0.011139      -0.0107328
      -0.0014484    -0.000972249
     -0.00450435     -0.00389689
     -0.00650668     -0.00805233
     -0.00123839     -0.00267771
     -0.00275914     -0.00457838
      -0.0081394      -0.0106836
      -0.0019288     -0.00361558
     -0.00384575     -0.00616458
      -0.0108771      -0.0131032
     -0.00303087     -0.00468228
     -0.00567672     -0.00784879
     -0.00811458      -0.0118921
     -0.00216113     -0.00426445
     -0.00402105      -0.0070961
      -0.0107905      -0.0122977
     -0.00304192     -0.00460752
     -0.00568296     -0.00758033
     -0.00305296     -0.00393809
      0.00084124     0.000982866
      6.5779e-05    -3.50302e-05
       -0.012642      -0.0134703
     -0.00293218     -0.00428812
     -0.00614978     -0.00769967
      -0.0146414      -0.0151779
     -0.00356483     -0.00477568
     -0.00732231     -0.00856704
      -0.0151906       -0.016222
      -0.0039581     -0.00538005
     -0.00782283     -0.00940463
      -0.0033138     -0.00507127
     -0.00651946      -0.0088204
      -0.0140436      -0.0157556
     -0.00376466     -0.00551472
     -0.00729266     -0.00945294
      -0.0118335     -0.00978731
     -0.00156626     -0.00054698
     -0.00487312     -0.00320185
     -0.00486941     -0.00196329
    -0.000200857      0.00041526
     -0.00144239    -0.000139591
     -0.00694945     -0.00567701
     -0.00109848     -0.00108332
     -0.00284517     -0.00257175
     -0.00908537     -0.00854155
     -0.00205482     -0.00245671
     -0.00432999     -0.00464319
     -0.00945753     -0.00830811
     -0.00213526     -0.00231967
      -0.0045344     -0.00444986
     -0.00882917     -0.00764316
     -0.00197758      -0.0022565
     -0.00420264     -0.00420742
      0.00232914      0.00330699
      0.00245545      0.00307297
      0.00317442       0.0039766
     0.000534393      0.00252494
      0.00214515       0.0025035
      0.00232774      0.00316875
    -0.000268969    -0.000307867
      0.00178561      0.00146908
      0.00181108      0.00145856
     -0.00266963     -0.00315468
     0.000642432     4.84854e-05
      7.5821e-05    -0.000645906
     -0.00128335     -0.00244351
      0.00119269      0.00038135
      0.00100069    -0.000126865
     -0.00356046     -0.00285091
     0.000151395    -0.000173791
    -0.000662503    -0.000796271
     0.000280195    -0.000275048
      0.00226828      0.00270251
      0.00235773      0.00261161
    -0.000976458     0.000352937
       0.0010079      0.00118463
     0.000870184      0.00127242
     -0.00395849     -0.00311931
     -4.0554e-05    -0.000100012
     -0.00097313    -0.000884042
     -0.00939947     -0.00790136
     -0.00211865     -0.00216524
     -0.00450936     -0.00417319
     -0.00655237     -0.00672994
       -0.010424     -0.00874917
     -0.00267894     -0.00275653
      -0.0053335     -0.00500445
     -0.00180222      0.00219618
      0.00162147      0.00811601
      0.00262022      0.00466984
       0.0030067      0.00662929
       0.0012865      0.00685901
      0.00255553      0.00423407
      0.00287899      0.00589174
     0.000331284      0.00557524
      0.00206379      0.00357522
       0.0021611      0.00493124
     0.000363373      0.00573642
      0.00210901      0.00366362
      0.00220622       0.0050589
    -0.000316708      0.00552801
      0.00165605      0.00336973
      0.00157533      0.00471418
     0.000820621       0.0020368
      0.00202839      0.00214823
      0.00234257      0.00270255
      0.00140281      0.00781002
      0.00270771      0.00472865
       0.0030315      0.00660506
      0.00295185      0.00452419
       0.0033884      0.00619852
      0.00121516      0.00585882
      0.00264844      0.00397208
      0.00297053      0.00539453
      0.00196872      0.00622842
      0.00293986      0.00414143
      0.00346651      0.00566052
     0.000644569       0.0058343
       0.0022268      0.00370831
      0.00240203        0.005128
     -0.00220257    -0.000217195
      0.00112878      0.00160426
     0.000597124      0.00155697
      0.00314439      0.00876131
      0.00317161      0.00492955
      0.00398304      0.00706257
      0.00260839      0.00756631
      0.00307468      0.00455048
      0.00375644      0.00639374
     0.000689754      0.00584748
      0.00220751      0.00370121
      0.00239872      0.00512855
    -0.000273803      0.00544359
      0.00161598      0.00330434
      0.00155788      0.00463268
      -0.0117375      -0.0142177
     -0.00297682     -0.00466768
      -0.0058685     -0.00818443
      -0.0140295      -0.0148417
     -0.00340915     -0.00460475
     -0.00700055      -0.0083511
       0.0146328      0.00931946
      0.00494602      0.00594316
      0.00835149      0.00847092
      -0.0102283      -0.0117189
     -0.00269144     -0.00403502
     -0.00518747     -0.00685954
     -0.00808156     -0.00971319
     -0.00176806     -0.00308107
     -0.00370882      -0.0054077
      -0.0151718      -0.0168484
      -0.0040697     -0.00560765
     -0.00791538     -0.00987222
      -0.0141938      -0.0155271
     -0.00354259     -0.00492483
     -0.00715676     -0.00887699
     -0.00833384     -0.00540896
     -0.00142123    -0.000917104
     -0.00358247     -0.00231398
     -0.00592037     -0.00231748
    -0.000388088     0.000509642
     -0.00193772    -0.000124093
     -0.00774513     -0.00697157
     -0.00186999     -0.00148583
     -0.00203361     -0.00141426
      0.00102418     0.000925008
     0.000586679     0.000629834
     0.000169727      0.00132063
      0.00210175      0.00230979
      0.00219986       0.0026664
     -0.00110965     -0.00169897
     -0.00270001     -0.00340092
     -0.00918902     -0.00696433
     -0.00200523     -0.00166848
     -0.00435723      -0.0034849
     -0.00378693     -0.00222703
       6.814e-05     0.000389433
    -0.000838579    -0.000216158
      0.00162028        0.003134
       0.0010924      0.00369222
     0.000710246      0.00670235
      0.00234058      0.00416742
       0.0025026      0.00578457
      0.00193564      0.00812442
      0.00292338      0.00487252
       0.0033888      0.00683059
      -0.0160256      -0.0167914
     -0.00400021        -0.00531
      0.00150676      0.00655847
      0.00280041      0.00432457
      0.00318715      0.00590383
      0.00180847      0.00754167
      0.00302559      0.00484235
      0.00346163      0.00664634
      0.00103756      0.00601962
      0.00238976      0.00380549
      0.00266835      0.00527165
     0.000851416      0.00648454
      0.00230952      0.00402774
      0.00252991      0.00559568
      0.00278197       0.0082185
      0.00318057      0.00488134
    -0.000524703      0.00172743
      0.00168983      0.00213844
      0.00159726      0.00259374
      -0.0153225      -0.0160477
     -0.00396206     -0.00513759
     -0.00789224     -0.00922534
      -0.0062844     -0.00572924
      -0.0152739       -0.014903
     -0.00311307     -0.00293699
     -0.00727598      -0.0068362
     0.000782993      0.00100561
      0.00233122      0.00355326
      0.00242323       0.0037786
     -0.00641824     -0.00313578
      0.00111723      0.00285003
    -0.000821137      0.00189206
     -0.00363374     0.000655582
      0.00282062      0.00467907
      0.00167905      0.00488519
     -0.00728563     -0.00936879
     -0.00163053     -0.00304983
     -0.00332639     -0.00526722
     -0.00452511     -0.00650443
      4.0736e-05    -0.000336767
      -0.0010748     -0.00197201
     -0.00711838      -0.0102585
     -0.00131236      -0.0021536
     -0.00305958     -0.00472316
      -0.0090138     -0.00396481
     0.000704716      0.00315181
     -0.00204109      0.00186636
      -0.0091081     -0.00586317
    -0.000233181      0.00166768
     -0.00293057    -0.000141166
     -0.00439809     -0.00288689
     0.000771533      0.00211715
    -0.000532979      0.00123016
      -0.0126278      -0.0144963
     -0.00316843     -0.00461504
     -0.00633643     -0.00827175
     -0.00961944     -0.00871572
    -0.000875784    -0.000444356
     -0.00643066     -0.00804592
    -0.000520939      -0.0010218
      -0.0021125     -0.00294785
      -0.0010129      0.00217696
      0.00292035      0.00496845
      0.00242782      0.00554158
     -0.00851143     -0.00425311
     -0.00138706    -0.000285054
     -0.00363874     -0.00143826
     -0.00616727     -0.00596404
    -0.000538993    -0.000478441
     -0.00212314     -0.00202258
      -0.0137477      -0.0140895
     -0.00348526     -0.00386978
     -0.00712387     -0.00752391
      -0.0122989      -0.0113633
     -0.00202673     -0.00177926
     -0.00540823     -0.00487386
      -0.0107289     -0.00958852
     -0.00153877     -0.00151472
     -0.00441843     -0.00397683
      0.00191169      0.00212296
      0.00194438      0.00241215
     -0.00140952     -0.00401174
      0.00130374     0.000785709
      0.00102805    -0.000169589
     -0.00503933     -0.00973337
     -0.00050264     -0.00196679
     -0.00165037     -0.00431889
      -0.0165633      -0.0153673
     -0.00322117     -0.00226562
     -0.00780459     -0.00641992
       -0.012475        -0.01387
     -0.00270975     -0.00271863
      -0.0100411      -0.0123339
     -0.00210839     -0.00254634
     -0.00529019     -0.00240117
    -0.000279801     0.000396403
     -0.00162721    -0.000249942
      0.00242451      0.00142829
      0.00231622      0.00200612
      0.00311631       0.0025306
      -0.0044123     -0.00830648
    -0.000347882     -0.00189939
     -0.00131346     -0.00392412
      -0.0096608     -0.00740163
    -0.000179026     0.000460577
     -0.00288019     -0.00157889
     0.000907876      0.00750199
      0.00248931      0.00458334
      0.00268147      0.00638068
     -0.00229735     -0.00103835
      0.00078715     0.000757456
     0.000279478     0.000549161
     -0.00531199     -0.00420706
    -0.000535704    -0.000734548
     -0.00182094     -0.00172455
     -0.00814311     -0.00963269
      -0.0127382      -0.0137479
     -0.00346836     -0.00482044
     -0.00666415     -0.00823876
      -0.0120992       -0.013403
     -0.00326873     -0.00479365
      -0.0062694     -0.00805969
      0.00233778      0.00755692
      0.00317047      0.00481902
      0.00376575      0.00663236
     -0.00265703     -0.00164678
     0.000831702     0.000860326
     0.000214109     0.000494733
     -0.00271989      -0.0035591
     0.000556676    -0.000132093
     -1.0681e-05      -0.0009406
      0.00184059      0.00790908
     0.000474192     0.000591568
      0.00179234      0.00142126
       0.0020468      0.00164966
       -0.002759     -0.00316222
     0.000419108    -0.000283741
    -0.000157736    -0.000998432
      -0.0155589      -0.0164385
     -0.00378296     -0.00513725
     -0.00780708     -0.00936015
      0.00144516      0.00231222
       0.0010834      0.00166759
     0.000780243      0.00119248
     0.000570823     0.000872773
     0.000249164     2.46285e-05
     0.000242328     0.000165017
     0.000181964     0.000165145
     0.000134575     0.000141296
      3.9874e-05      5.4147e-05
      0.00501335      0.00388293
      0.00256523      0.00208653
      0.00143977      0.00120846
     0.000870816     0.000749512
     0.000142419     0.000133286
     -0.00395751     -0.00449179
      -0.0412856       -0.043849
      -0.0224967      -0.0230051
     -0.00818654      -0.0086754
     -0.00229453     -0.00275223
     -0.00147227     -0.00183996
     -0.00100587     -0.00129788
    -0.000251205    -0.000354313
    -0.000496086    -0.000487747
    -0.000217314    -0.000238231
    -0.000114255    -0.000139293
     -1.0459e-05    -2.10138e-05
     -0.00232293     -0.00283044
     -0.00139979     -0.00178101
    -0.000918163     -0.00120462
    -0.000635695    -0.000854659
    -0.000162456    -0.000235213
        0.001673      0.00103978
     0.000959748     0.000600289
     0.000571589     0.000355052
     0.000357186     0.000218635
      5.7655e-05     3.06028e-05
    -0.000297282    -0.000338931
    -0.000171609    -0.000223982
    -0.000124518    -0.000172907
     -9.5577e-05     -0.00013754
     -0.00191638     -0.00277891
     -0.00119479     -0.00179272
    -0.000819202     -0.00124026
    -0.000589962    -0.000896533
       0.0012836      0.00227918
     0.000923213      0.00156642
     0.000664135      0.00110932
     0.000490395     0.000811837
     0.000149964     0.000242801
      -0.0152436      -0.0159626
     -0.00399577     -0.00539607
     -0.00790258     -0.00945154
      -0.0138018      -0.0133736
     -0.00250421     -0.00215793
      0.00176377      0.00409634
     -0.00934677      -0.0063402
     -0.00201112     -0.00152815
     -0.00602452     -0.00636993
     -0.00671763     -0.00696681
      -0.0002554    -0.000362285
     -0.00206969     -0.00222477
      0.00285727      0.00476715
      0.00330464       0.0066704
      -0.0102842      -0.0125259
       -0.002616     -0.00434813
     -0.00512716     -0.00743335
     -0.00140206      0.00387725
     -0.00526147     -0.00609648
     -0.00501151     -0.00602208
     -0.00168279     -0.00276519
      0.00175505      0.00393494
       0.0028475      0.00469534
     0.000196922      0.00287563
        0.003883      0.00770161
      0.00360171      0.00762776
      0.00177567       0.0040721
     -0.00304347     -0.00155746
     -0.00607728     -0.00867293
     -0.00692668      -0.0089794
      -0.0033869     -0.00181457
      0.00104969      0.00234618
      1.6619e-05      0.00343184
       0.0008247       0.0024871
      -0.0200591      -0.0193697
     -0.00497768     -0.00574448
     -0.00539265     -0.00458886
       0.0192112        0.013832
      0.00435612      0.00622208
    -0.000349962     -0.00108082
     0.000813581    -3.86499e-05
     -0.00222982     5.07291e-05
      0.00288531       0.0041576
     -0.00391006    -0.000608082
      0.00247009      0.00398583
     -0.00787457     -0.00795384
     -0.00142893     -0.00238152
       0.0060008      0.00511679
      4.0672e-05      0.00142378
     -0.00219498    -0.000407256
     -0.00282931     -0.00411678
    -0.000612877     -0.00440118
     0.000900047    -0.000751788
     0.000996239     -0.00168211
     -0.00966462     -0.00457053
     0.000204655      0.00054593
      -0.0102292     -0.00893828
     -0.00133992     -0.00247337
     0.000298012      0.00433302
     -0.00529892     -0.00582673
      -0.0107639      -0.0130063
      0.00266034      0.00444667
       0.0010087     0.000730415
      0.00197175       0.0016754
       0.0023548      0.00192406
      -0.0117443     -0.00884478
     -0.00511298      -0.0033417
     -0.00921343      -0.0103992
     -0.00415511     -0.00615559
      -0.0195874      -0.0192435
     -0.00482568     -0.00569833
      -0.0115847      -0.0116574
     -0.00989149       -0.013294
     -0.00292223     -0.00518868
     -0.00264864     -0.00362514
      -0.0122085      -0.0141166
     -0.00353586     -0.00542129
     -0.00650292     -0.00882655
     -0.00275443     -0.00366621
     -0.00704105     -0.00556489
     -0.00175117     -0.00167396
     -0.00350334     -0.00307605
     -0.00641605     -0.00384634
     -0.00145853    -0.000936345
     -0.00309878     -0.00195343
     -0.00392626      0.00122968
       3.112e-05      0.00165766
     -0.00103298      0.00190838
     -0.00592138     -0.00802339
     -0.00247237     -0.00550993
      0.00023321    -0.000294011
     -0.00237371     -0.00104851
     0.000401092     0.000548385
    -0.000132133      0.00030249
      0.00201642      0.00272297
      -0.0160499      -0.0168499
     -0.00279023     -0.00210957
    -0.000477824    -0.000492417
     -0.00610947     -0.00330478
     -0.00111552     -0.00044299
     -0.00266015      -0.0012791
     0.000365093      0.00166155
     -0.00966771      -0.0141684
     -0.00455771     -0.00763916
      -0.0167334      -0.0196125
     -0.00391641     -0.00538671
     -0.00831587      -0.0104543
      -0.0110091      -0.0145485
     -0.00207336      -0.0038002
     -0.00485098      -0.0075732
      -0.0154156       -0.014808
     -0.00301186     -0.00300598
     -0.00716326     -0.00692895
      0.00146894      0.00035382
      0.00420235      0.00144232
     -0.00162713     -0.00352112
     -0.00331823     -0.00632412
     -0.00308468     -0.00489351
     -1.5807e-05     -0.00126915
    -0.000614525     -0.00236372
     -0.00157334     -0.00210599
       0.0008868     0.000497467
     0.000629166     7.54979e-05
      -0.0166385      -0.0151366
      -0.0126873       -0.013683
     -0.00337987     -0.00425493
     -0.00664321     -0.00769526
      -0.0119691       -0.011903
     -0.00315498     -0.00372537
     -0.00627352     -0.00680211
      -0.0102114     -0.00878829
     -0.00212658     -0.00183595
     -0.00481746     -0.00413313
     -0.00233321     -0.00626896
      -1.097e-05     -0.00198268
     -0.00197189      0.00118501
       0.0026556      0.00440747
      0.00195606      0.00462868
      0.00596775      0.00692305
     -0.00346256     -0.00111725
       0.0016539      0.00318226
     0.000596391      0.00274447
     -0.00882279     -0.00389356
     0.000719377      0.00294108
     -0.00193222      0.00172093
      0.00121031     0.000821473
      0.00225565      0.00206083
      0.00268455      0.00245129
      0.00154431       0.0016422
     0.000927478      0.00104725
     -0.00786593     -0.00908295
    -0.000998343    -0.000963888
     -0.00304805      -0.0032708
      0.00116546     5.48699e-05
      0.00149458      0.00131871
      0.00191709      0.00151948
     -0.00818187      -0.0104059
     -0.00185166     -0.00355183
     -0.00378711     -0.00604335
     -0.00959514      -0.0111425
     -0.00217393     -0.00364012
      -0.0045337     -0.00639428
     -0.00755685       -0.010301
     -0.00182109     -0.00363704
      -0.0035516     -0.00608385
     -0.00581079     -0.00905431
      0.00152734      0.00260361
     -0.00357524     -0.00443606
     -0.00522145     -0.00836346
      -0.0114848      -0.0118708
     -0.00116327     -0.00336155
     -0.00715461     -0.00968586
     -0.00152592     -0.00282246
     -0.00322625     -0.00518491
      -0.0074993     -0.00858593
     -0.00320882      -0.0046112
     -0.00803308      -0.0100571
     -0.00174084     -0.00291826
     -0.00369662      -0.0053894
      -0.0100936      -0.0115911
     -0.00228369     -0.00328137
     -0.00485275     -0.00620245
     -0.00137754     -0.00197726
      -0.0127444      -0.0114068
     -0.00192723      -0.0015258
      -0.0123395      -0.0122477
     -0.00191599     -0.00201642
     -0.00523524     -0.00526142
      -0.0081236     -0.00938643
    -0.000759867     -0.00148869
     -0.00282872     -0.00396601
      -0.0168021      -0.0186709
     -0.00382679     -0.00486271
     -0.00826854     -0.00972002
      -0.0149545      -0.0166043
     -0.00309122     -0.00402371
     -0.00705908     -0.00834302
      -0.0117045       -0.016868
     -0.00253143     -0.00487928
     -0.00545087     -0.00922677
     -0.00102633     0.000744882
      0.00150324      0.00174551
      0.00127898       0.0019583
      0.00027313    -0.000482685
      0.00172814      0.00142028
      0.00193427      0.00135002
     -0.00405578     -0.00532096
     0.000168745    -0.000422966
    -0.000815938     -0.00179075
     -0.00668926     -0.00537684
    -0.000834707    -0.000776696
     -0.00259268     -0.00219886
      -0.0119347      -0.0132905
     -0.00318101     -0.00404028
     -0.00622698     -0.00743471
     -0.00944047      -0.0111803
     -0.00211347     -0.00309392
     -0.00450663      -0.0059293
      -0.0114174       -0.012471
     -0.00303407     -0.00414707
     -0.00594883     -0.00729912
     -0.00556119      -0.0033006
     -1.3688e-05     0.000629503
     -0.00151236    -0.000242624
     -0.00125853     -0.00120268
       0.0013659      0.00113082
      0.00112545     0.000917799
      0.00311963      0.00250233
      0.00233494       0.0017677
      0.00335976      0.00257888
     -0.00935416     -0.00961735
     -0.00197299     -0.00253461
     -0.00435166     -0.00490822
      0.00331957      0.00441709
      0.00497053      0.00676593
      0.00223061      0.00674172
      0.00241779      0.00392315
      0.00302596      0.00562269
      0.00324985      0.00563035
      0.00256808       0.0032713
      0.00351673      0.00473058
     0.000288605      0.00386536
      0.00139509       0.0024408
      0.00152087      0.00341142
     -0.00724765     -0.00411616
     -0.00168922    -0.000929908
     -0.00354506     -0.00199331
      -0.0028582       -0.001418
      9.5983e-05      0.00024786
    -0.000568821    -0.000105436
     -0.00836658     -0.00687927
     -0.00249781     -0.00240856
     -0.00460444     -0.00417831
     0.000173641      0.00531081
      0.00186808      0.00361257
      0.00188647      0.00491349
      0.00253675      0.00525699
      0.00285819      0.00389314
      0.00355808      0.00519805
    -0.000496331      0.00233787
      0.00167433      0.00264573
      0.00155806      0.00320911
     -0.00381325      0.00121541
      0.00017259       0.0018009
    -0.000858867       0.0020543
     -0.00461019     -0.00342644
    -0.000390777    -0.000185425
     -0.00149839     -0.00103127
       -0.003584     -0.00194359
     0.000179527     0.000549922
    -0.000694771     8.50266e-05
     -0.00616548     -0.00477429
     -0.00123185     -0.00117462
     -0.00275267     -0.00235815
     -0.00104547       0.0037406
      0.00164382      0.00339428
      0.00131833      0.00427247
      0.00187629      0.00450129
      0.00264531      0.00353759
      0.00316121      0.00468218
      0.00195001      0.00473842
      0.00226333      0.00313056
      0.00283874      0.00434423
     -0.00345138     -0.00211359
     0.000217843     0.000470252
    -0.000613634    -4.33369e-05
     -0.00132226      0.00325574
     0.000910121      0.00223672
     0.000610546      0.00302315
    -0.000101701      0.00405067
      0.00172725      0.00286133
      0.00173996       0.0038565
     -0.00240525      0.00287909
     0.000603259      0.00212183
      -8.737e-06      0.00280242
    -0.000988758      0.00373073
      0.00145742      0.00275706
      0.00121478      0.00366213
    -0.000343133      0.00398462
      0.00165133      0.00283793
      0.00159473      0.00381465
     -0.00725611      -0.0114104
     -0.00485388     -0.00402765
     -0.00164882     -0.00145423
     0.000642446      0.00269602
      0.00223561      0.00339094
     -0.00295669     -0.00357545
     -0.00040513     -0.00113989
     -0.00347942     0.000229998
    -0.000536371      0.00167659
    -0.000362328      -0.0015531
    -0.000316614     -0.00108835
    -0.000236773    -0.000609875
     -9.9204e-05    -0.000201899
      0.00114671      0.00215245
     0.000953775      0.00159888
     0.000716911      0.00115922
      0.00053689     0.000855142
     0.000163205     0.000255509
      0.00165691      0.00350459
      0.00139288       0.0026331
      0.00108604      0.00195647
      0.00084264      0.00147649
     0.000284467     0.000471114
     -0.00167394     -0.00249895
     -0.00103853     -0.00160981
    -0.000711869     -0.00112021
     -0.00051424    -0.000815287
    -0.000151247    -0.000242462
      0.00139731      0.00234508
      0.00103093      0.00166314
     0.000741146      0.00118242
     0.000543788     0.000863828
     0.000161889     0.000255202
     -0.00349626     -0.00426258
     -0.00207119     -0.00261229
     -0.00134651      -0.0017307
    -0.000926441     -0.00120785
    -0.000230684    -0.000315649
     -0.00121682     -0.00131068
    -0.000593974    -0.000659845
    -0.000337631     -0.00038446
    -0.000209946    -0.000244197
     -3.8382e-05    -4.89993e-05
      0.00480693      0.00325206
       0.0024049      0.00165206
        0.001313     0.000894538
     0.000769843     0.000514617
     0.000103897     5.70747e-05
     -0.00226936     -0.00321164
     -0.00141919     -0.00208791
    -0.000965429     -0.00144974
    -0.000690577     -0.00105075
    -0.000196592    -0.000308067
      -0.0016163    -0.000265196
    -0.000639536     0.000185608
    -0.000260894     0.000279335
     -9.5259e-05     0.000278246
      4.2069e-05     0.000138394
      0.00140423       0.0012024
     0.000883378     0.000803084
     0.000565802     0.000539118
     0.000377838     0.000374368
      0.00116026     0.000953645
     0.000756714     0.000609123
     0.000488327     0.000383659
     0.000323883     0.000248066
      6.2401e-05     4.18791e-05
      0.00105747      0.00182738
     0.000801651      0.00132382
     0.000577075     0.000947522
     0.000423048     0.000695043
     0.000127421     0.000208992
     0.000621583     0.000653401
     0.000429082     0.000462634
     0.000302348     0.000333716
      7.6339e-05     9.12992e-05
     -0.00187197     -0.00367368
      -0.0011948     -0.00230077
    -0.000839648     -0.00156277
     0.000297634       0.0015383
     0.000321672      0.00109551
     0.000278085     0.000793143
     0.000231119     0.000590591
      9.3235e-05     0.000186941
        -0.00347     -0.00424397
     -0.00202575     -0.00260353
     -0.00131055     -0.00174288
     -0.00090261      -0.0012313
    -0.000232041     -0.00033857
       0.0023551      0.00320209
      0.00157897       0.0021768
      0.00108779      0.00152586
      0.00077727      0.00110669
     0.000216028     0.000321444
     -0.00201624     -0.00281262
     -0.00124406     -0.00181044
    -0.000845844     -0.00125034
    -0.000605482    -0.000902601
      -0.0001714    -0.000260797
     -0.00163772     -0.00138651
    -0.000818421    -0.000682529
     -0.00046641    -0.000388261
    -0.000186993    -0.000156334
     -4.7349e-05    -3.98733e-05
      -0.0021179     -0.00204162
    -0.000694567    -0.000745471
    -0.000457223    -0.000513171
    -0.000102696    -0.000131934
      0.00156866      0.00279527
      0.00120698      0.00201278
     0.000883157      0.00144313
     0.000654063      0.00106012
     0.000198232     0.000317526
     -0.00443672     -0.00320022
     -0.00468808     -0.00565997
     -0.00151976     -0.00184294
    -0.000926968     -0.00113139
    -0.000627783    -0.000770407
    -0.000446735    -0.000551362
    -0.000118584    -0.000151286
     -8.4337e-05      0.00645968
     -0.00200359     -0.00342227
     -0.00132808     -0.00228507
    -0.000949365     -0.00161782
    -0.000538182    -0.000899791
    -0.000220222    -0.000360789
      -0.0014306     -0.00193673
    -0.000189809    -0.000318811
     -0.00247105     -0.00224685
     -0.00139843     -0.00128309
    -0.000871133    -0.000806598
     -0.00011815    -0.000115275
    -0.000449872     -0.00138765
    -0.000310194    -0.000923855
    -0.000253271    -0.000676191
    -0.000210496    -0.000514524
     -8.7044e-05    -0.000173689
      0.00271969      0.00443929
      0.00191617      0.00305998
      0.00137666      0.00218421
      0.00101798      0.00160975
     0.000311642     0.000489406
      0.00102253     -0.00079167
       0.0044085      0.00625322
    -0.000883394     -0.00127207
    -0.000608513    -0.000903284
    -0.000442103    -0.000668147
    -0.000132186    -0.000206742
    -0.000531493    -0.000718075
      -0.0114917      -0.0118771
        -0.01172      -0.0120738
      -0.0112107      -0.0116225
      -0.0117008      -0.0120606
      -0.0116398      -0.0120087
      -0.0115935      -0.0119681
      -0.0115041      -0.0118892
      -0.0115366      -0.0119179
      -0.0114504      -0.0118383
      -0.0114339      -0.0118247
      -0.0114263      -0.0118177
      -0.0114706      -0.0118581
      -0.0113917      -0.0117888
      -0.0421629      -0.0450985
      -0.0229099      -0.0234266
      -0.0182254      -0.0185793
      -0.0146695      -0.0149929
      -0.0119552      -0.0123039
      -0.0111616      -0.0115252
       -0.010948      -0.0113159
      -0.0103393      -0.0107203
     -0.00900562     -0.00941963
      -0.0069729     -0.00744121
      -0.0055369     -0.00603607
     -0.00294815     -0.00343802
     -0.00394828     -0.00445991
      -0.0113687      -0.0118393
      0.00345437      0.00505455
       0.0449762        0.015603
      0.00735846      0.00542859
     -0.00837516     -0.00678183
     0.000216736     0.000987952
     -0.00582284     -0.00214876
       0.0012888       0.0030338
      -0.0189751      -0.0174072
     -0.00407506     -0.00360988
      -0.0164886      -0.0153307
     -0.00316486     -0.00278755
     0.000380687      0.00439941
       0.0029113      0.00959919
      0.00223242      0.00943326
      0.00218769      0.00426852
     0.000528473      0.00207704
      0.00437478      0.00623891
      0.00129006      0.00391117
    -0.000691281       0.0014124
      -0.0100073      -0.0107297
      -0.0102929      -0.0108098
      0.00224036      0.00288297
       0.0184423       0.0125074
      -0.0033468     -0.00430113
      -0.0028681     -0.00414228
     -0.00112999       0.0024952
      0.00521423      0.00571349
     -0.00731494     -0.00433772
     -0.00273113    -0.000425963
    -0.000656635     0.000450088
     -0.00303675     0.000705151
     -0.00043072      0.00256114
    -0.000263885     0.000883668
     -0.00451176     -0.00423102
    -0.000107697     -0.00267124
      0.00230843      0.00433224
      0.00226173      0.00429409
     -0.00802147      -0.0063184
      -0.0013975     -0.00169924
     -0.00750873     -0.00677238
     -0.00924809     -0.00821231
     -0.00745722     -0.00906013
     -0.00523201     -0.00670001
     -0.00535066     -0.00691907
     -0.00385531     -0.00467095
     -0.00767252     -0.00684525
      -0.0070222     -0.00820773
      0.00416437       0.0077757
     -0.00552975     -0.00656356
      0.00374242      0.00766465
     -0.00553175      -0.0065482
     -0.00586036     -0.00666528
      0.00317327      0.00184772
      -0.0102134      -0.0112908
      -0.0083181     -0.00916496
     -0.00213799     -0.00398634
     -0.00904567     -0.00945474
     -0.00635587      -0.0065456
      -0.0100844      -0.0105959
     -0.00261733     -0.00261989
       0.0169321      0.00877614
      0.00408412      0.00385656
       0.0173023       0.0099834
      0.00555793      0.00682455
     -0.00437944     -0.00379661
     -0.00786387     -0.00668967
       0.0037836      0.00294823
     -0.00211196    -0.000635448
      0.00177078      0.00387292
     -0.00422214      -0.0032926
     -0.00433171     -0.00356638
      0.00211354      0.00274619
      -0.0120512      -0.0125098
      -0.0118177      -0.0122803
      -0.0115903      -0.0120569
      -0.0143547      -0.0152181
       -0.012946      -0.0137134
      -0.0130024      -0.0136066
      -0.0121191      -0.0128963
      -0.0103517     -0.00939243
     -0.00989016      -0.0106586
      -0.0106098      -0.0117376
     -0.00986348      -0.0114353
      -0.0107329      -0.0119031
      -0.0108562      -0.0118291
      -0.0126097      -0.0135807
      -0.0110883      -0.0120635
       -0.011125      -0.0109925
      -0.0095959      -0.0113915
      -0.0106408      -0.0118818
     -0.00965142      -0.0102728
      -0.0100137      -0.0111862
     -0.00954819      -0.0101813
      -0.0146487      -0.0147489
      -0.0100282      -0.0113146
      -0.0106914      -0.0118247
      -0.0114354      -0.0121622
      -0.0101691      -0.0113665
      -0.0100141      -0.0102504
      -0.0110092      -0.0115887
      -0.0157937      -0.0145494
      -0.0105849       -0.011436
      -0.0106219      -0.0105175
      -0.0104675     -0.00895164
      -0.0110539      -0.0110542
       -0.010828      -0.0116309
       -0.010368      -0.0113728
      -0.0105316      -0.0107686
      -0.0105009     -0.00946793
      -0.0115685      -0.0119421
      -0.0110077      -0.0118001
      -0.0103879      -0.0108365
      -0.0103577     -0.00957409
     -0.00996782     -0.00772694
      -0.0113932      -0.0116395
      -0.0108795      -0.0116272
      -0.0103144     -0.00969625
      -0.0100024     -0.00798261
      -0.0109576      -0.0108238
      -0.0105884      -0.0111701
      -0.0101026      -0.0107565
      -0.0102606      -0.0100517
      -0.0101511     -0.00870499
      -0.0104831      -0.0097412
      -0.0103366      -0.0105855
      -0.0132041      -0.0136452
      -0.0132385      -0.0139026
      -0.0147335       -0.015306
      -0.0128029      -0.0137024
       -0.013528      -0.0141787
      -0.0138633      -0.0148522
       -0.012556      -0.0131781
      -0.0130456      -0.0138871
      -0.0138678      -0.0146294
       -0.012273      -0.0124319
       -0.012805      -0.0134894
     -0.00869721     -0.00971908
      -0.0115942      -0.0132568
      -0.0120882      -0.0125012
      -0.0126048      -0.0135557
      -0.0124431      -0.0133943
      -0.0126306      -0.0133803
      -0.0124893      -0.0133122
      -0.0129621       -0.013839
      -0.0122137      -0.0130117
      -0.0124978      -0.0131371
      -0.0119203      -0.0126515
      -0.0138488       -0.014496
      -0.0129705      -0.0135483
      -0.0143254       -0.015185
      -0.0141352      -0.0150401
      -0.0140972       -0.015422
      -0.0129149      -0.0143093
      -0.0136272       -0.014448
      -0.0114547       -0.010911
      -0.0121278      -0.0131657
      -0.0108235      -0.0106492
      -0.0105938      -0.0108971
      -0.0121096      -0.0117924
      -0.0124422      -0.0138722
     -0.00922916      -0.0102598
      -0.0107548      -0.0109359
       -0.011024      -0.0108718
      -0.0111433      -0.0121157
      -0.0110842      -0.0120558
      -0.0111082       -0.012089
      -0.0112057      -0.0121743
      -0.0110669      -0.0121492
       -0.011034      -0.0120228
      -0.0111088      -0.0120672
       -0.011263      -0.0120886
      -0.0112981      -0.0122541
      -0.0110495      -0.0119498
      -0.0111375      -0.0121083
      -0.0111573      -0.0121563
      -0.0108824      -0.0118281
       -0.011051      -0.0120562
      -0.0106855      -0.0116216
      -0.0104169      -0.0115593
      -0.0109783      -0.0119137
      -0.0111994      -0.0120384
       -0.010638      -0.0118243
      -0.0111553      -0.0120762
      -0.0109199      -0.0117873
      -0.0103654      -0.0104698
      -0.0109052      -0.0118786
       -0.009805      -0.0104045
      -0.0102252      -0.0115687
       -0.011085      -0.0119814
      -0.0111837      -0.0120977
      -0.0109174      -0.0119839
      -0.0103262      -0.0108458
     -0.00979693      -0.0104118
      -0.0105116      -0.0116343
      -0.0107401      -0.0118701
      -0.0109968      -0.0121003
      -0.0105609      -0.0116987
      -0.0108515      -0.0119769
      -0.0112249       -0.011348
      -0.0104984      -0.0117373
      -0.0110451      -0.0118127
     -0.00973788      -0.0103203
      -0.0191578        -0.01941
      -0.0114578      -0.0131255
     -0.00750273     -0.00906223
      -0.0133563      -0.0142694
      -0.0131692      -0.0142166
      -0.0218549      -0.0221009
      -0.0207808      -0.0203683
      -0.0210866      -0.0197738
      -0.0212924       -0.018914
       -0.022384      -0.0227829
      -0.0216437      -0.0219023
      -0.0206049      -0.0203198
      -0.0209772      -0.0198794
      -0.0212441      -0.0191427
      -0.0218868      -0.0219364
       -0.021188       -0.021386
      -0.0202514      -0.0202223
      -0.0207976      -0.0202094
       -0.021216      -0.0198163
      -0.0212813      -0.0214578
      -0.0202155      -0.0194116
      -0.0205658      -0.0185104
       -0.020437      -0.0172646
      -0.0210927      -0.0212234
      -0.0204714      -0.0186653
      -0.0204541       -0.017604
      -0.0206802      -0.0206062
      -0.0197448      -0.0192857
      -0.0203177      -0.0191229
      -0.0205909      -0.0185707
      -0.0209848      -0.0199709
     -0.00844481     -0.00968369
      -0.0137113      -0.0141429
      -0.0150188      -0.0149668
      -0.0153839       -0.015171
      -0.0151961      -0.0152382
      -0.0170064      -0.0172519
      -0.0134289      -0.0134556
      -0.0158094      -0.0173119
      -0.0156078      -0.0160659
      -0.0159493      -0.0156422
       -0.013855      -0.0133441
      -0.0132406      -0.0135568
      -0.0159352      -0.0168494
      -0.0142267      -0.0144712
      -0.0148207       -0.015808
      -0.0130723      -0.0130254
      -0.0160371      -0.0165442
      -0.0145258      -0.0137518
      -0.0130375      -0.0125408
      -0.0147175      -0.0158595
      -0.0139344      -0.0141594
      -0.0125742      -0.0115849
      -0.0137825      -0.0143295
      -0.0146131      -0.0142855
      -0.0152161      -0.0167656
      -0.0122933      -0.0117344
      -0.0155198      -0.0151463
      -0.0134978       -0.013587
      -0.0147823      -0.0142707
      -0.0209037      -0.0174342
       -0.014559       -0.013826
      -0.0152677      -0.0147542
      -0.0163309       -0.016172
       -0.014599      -0.0148834
        -0.01112      -0.0133082
      -0.0130119      -0.0109648
       -0.012717       -0.013142
      -0.0158451      -0.0154319
      -0.0148652      -0.0173092
      -0.0121465       -0.012517
      -0.0150005        -0.01631
      -0.0157288      -0.0154545
      -0.0158922      -0.0160111
      -0.0155519      -0.0175154
     -0.00995595      -0.0120491
      -0.0127467      -0.0113552
      -0.0171345      -0.0175505
      -0.0148218      -0.0151545
       -0.010974       -0.011883
     -0.00943887      -0.0103885
      -0.0113192      -0.0119611
        -0.01379       -0.011507
      -0.0177384      -0.0177307
       -0.013424      -0.0135312
      -0.0123084      -0.0121339
      -0.0164155      -0.0157609
     -0.00164511     -0.00201196
     -0.00201415     -0.00248478
     -0.00265921     -0.00307974
     -0.00524607     -0.00500442
     -0.00641997     -0.00596912
     -0.00633543     -0.00787823
     -0.00592672     -0.00749479
     -0.00635068     -0.00776214
     -0.00687594     -0.00865761
     -0.00703546     -0.00957581
     -0.00695155     -0.00757779
     -0.00334411     -0.00360558
     -0.00266239     -0.00278771
     -0.00245975     -0.00253527
     -0.00180747     -0.00226456
     -0.00195736     -0.00237871
     -0.00166152     -0.00231916
     -0.00219688     -0.00309311
     -0.00464431     -0.00416352
     -0.00640285      -0.0060572
     -0.00597373     -0.00575094
     -0.00530571     -0.00499968
     -0.00499361     -0.00509113
     -0.00656889     -0.00651321
     -0.00659024      -0.0067414
      -0.0068071       -0.006768
     -0.00722207      -0.0075816
     -0.00663761     -0.00739679
      -0.0060067     -0.00687683
     -0.00556519     -0.00635529
     -0.00448958     -0.00557301
     -0.00558802     -0.00667792
     -0.00532928     -0.00674952
     -0.00594459     -0.00724968
     -0.00758632      -0.0089548
     -0.00738871     -0.00862811
     -0.00429737     -0.00660756
     -0.00378235     -0.00596882
     -0.00357537     -0.00569837
     -0.00274755     -0.00466024
     -0.00242416     -0.00433286
     -0.00226058     -0.00433581
      -0.0019889     -0.00421669
     -0.00155868      -0.0034834
      -0.0017649     -0.00373682
      -0.0014819     -0.00341967
     -0.00560197     -0.00773558
     -0.00495728     -0.00713696
     -0.00504032     -0.00731601
     -0.00468499     -0.00702559
     -0.00417384     -0.00663856
     -0.00351055     -0.00574538
     -0.00342716     -0.00554271
     -0.00339358       -0.005304
     -0.00253809       -0.004351
     -0.00318843     -0.00514454
     -0.00230322     -0.00411145
      -0.0029535     -0.00503492
     -0.00357737     -0.00582365
     -0.00340202      -0.0057255
     -0.00323359     -0.00533451
      -0.0039505     -0.00596967
     -0.00444994     -0.00638195
      -0.0042592     -0.00619895
     -0.00453062     -0.00658789
     -0.00413421     -0.00639893
     -0.00308028     -0.00555311
     -0.00226797     -0.00456007
     -0.00318771     -0.00532321
     -0.00261185     -0.00456733
     -0.00245934     -0.00477073
       -0.003149     -0.00513678
      -0.0027186     -0.00501573
     -0.00376442     -0.00637972
     -0.00537233     -0.00795139
      -0.0069758      -0.0089823
      -0.0027057     -0.00299292
       -0.003779     -0.00418661
      -0.0043047     -0.00486617
     -0.00464803     -0.00517479
     -0.00460071     -0.00530564
     -0.00480924      -0.0053346
     -0.00325571     -0.00351548
     -0.00242802     -0.00277793
     -0.00257071     -0.00299673
     -0.00385628      -0.0044825
