QM Energy	FF Energy
        0.045474       0.0473507
       0.0239978       0.0257376
       0.0109926       0.0116884
      0.00458576      0.00475786
     0.000707492     0.000714703
     9.37892e-05      0.00010378
     6.14975e-06     1.50033e-05
    -3.63684e-06     3.18331e-07
       0.0460904       0.0464941
       0.0177506        0.018022
      0.00664859      0.00686617
       0.0024201      0.00258472
     0.000286859     0.000355241
     2.71101e-05     4.66446e-05
     2.11085e-06     6.98485e-06
     -9.0234e-07     1.59205e-07
     -3.3968e-07     8.54215e-11
       0.0445631       0.0462926
       0.0266118       0.0264404
       0.0112688       0.0112767
      0.00429875      0.00431028
     0.000609038     0.000630301
     8.35602e-05     9.22992e-05
     8.85778e-06     1.35245e-05
     -9.1571e-07     2.91141e-07
        0.081773       0.0887548
       0.0309694       0.0314904
       0.0117487        0.011678
      0.00446754      0.00441753
     0.000636602     0.000644039
       0.0327174       0.0310073
      0.00729814      0.00749159
      0.00294273      0.00310585
     0.000420304     0.000480273
       0.0472671       0.0477344
       0.0182192       0.0182302
      0.00693982      0.00694939
      0.00265519      0.00267838
      0.00039935     0.000409416
       0.0573794       0.0596429
       0.0223363       0.0226086
      0.00849848      0.00847634
      0.00316925      0.00316246
     0.000416775     0.000441321
       0.0178592       0.0184147
      0.00711114      0.00729578
      0.00281942      0.00288233
     0.000440632     0.000447451
     6.93883e-05     6.91959e-05
     1.04257e-05     1.06857e-05
      -1.871e-08     2.55026e-07
       9.294e-08     1.47631e-10
       0.0166253       0.0165872
     0.000957471     0.000995601
       0.0280683       0.0272722
      0.00141313      0.00152769
      0.00997976        0.010196
       0.0217308       0.0212997
      0.00128188       0.0012612
      0.00677833      0.00663419
       0.0230025       0.0226221
      0.00141616      0.00134856
       0.0072983      0.00706967
       0.0222995       0.0217732
      0.00139139      0.00131492
      0.00710013      0.00684775
       0.0229747        0.022809
      0.00140818       0.0013552
      0.00729308      0.00711585
       0.0207825       0.0201677
      0.00125044      0.00121577
      0.00651115      0.00633686
       0.0241695       0.0247211
      0.00161447      0.00148788
      0.00794915      0.00777041
       0.0151877       0.0157968
     0.000970404     0.000980666
       0.0048573      0.00501917
       0.0163069       0.0170308
      0.00108127      0.00105863
      0.00529715      0.00541431
       0.0163957       0.0170942
      0.00107451      0.00106194
       0.0053148      0.00543353
       0.0162695       0.0169358
      0.00108869      0.00105595
      0.00530071      0.00539277
       0.0153282        0.015904
     0.000961343     0.000985978
      0.00488516      0.00505077
       0.0182997       0.0195199
      0.00130551      0.00120552
      0.00614972      0.00619546
       0.0213279       0.0209471
      0.00125796      0.00124574
      0.00665187      0.00653693
       0.0228562       0.0227452
      0.00140738       0.0013509
      0.00726663       0.0070933
       0.0227356       0.0226065
      0.00139971      0.00134523
      0.00723026      0.00705668
      0.00139327      0.00132934
       0.0071422      0.00694711
       0.0211535       0.0207341
       0.0012467       0.0012373
      0.00659963      0.00648156
       0.0243012       0.0256194
      0.00163626      0.00152104
      0.00803419      0.00799654
       0.0147339       0.0144859
     0.000799976     0.000886039
      0.00442811      0.00457605
       0.0159404       0.0155307
     0.000911854     0.000953031
      0.00488343      0.00491363
       0.0163169       0.0157481
     0.000938327     0.000961999
      0.00501016      0.00497182
       0.0161642       0.0158534
     0.000911134     0.000967325
      0.00493531      0.00500266
       0.0152289       0.0147561
     0.000838229     0.000897571
      0.00460066      0.00464935
       0.0189376       0.0185511
      0.00118223      0.00110926
      0.00600315      0.00580404
       0.0132081       0.0136906
     0.000884214     0.000858471
      0.00427609      0.00435999
         0.01424       0.0148061
     0.000994634     0.000928239
      0.00468437       0.0047143
       0.0142001       0.0147503
     0.000988377     0.000925626
      0.00467005      0.00469887
       0.0142513       0.0147954
       0.0010009     0.000927888
      0.00469667      0.00471176
       0.0131472       0.0136118
     0.000876453     0.000854826
      0.00425586      0.00433831
        0.015843       0.0168427
      0.00117979      0.00105095
       0.0053766      0.00535762
       0.0145536       0.0142314
     0.000812054     0.000875217
      0.00439417      0.00450715
       0.0157979       0.0154361
     0.000916047     0.000950424
      0.00485854        0.004892
       0.0163021       0.0159158
     0.000924904     0.000971584
       0.0049963      0.00502468
       0.0159784       0.0155078
       0.0152366       0.0148828
      0.00082172     0.000904411
      0.00457876      0.00468852
       0.0184896       0.0185614
       0.0112356       0.0111638
     0.000619891     0.000701912
      0.00337378      0.00355879
        0.012277       0.0120294
     0.000718463     0.000756736
      0.00376792      0.00383529
       0.0122272       0.0119934
     0.000715678     0.000755019
      0.00375349      0.00382523
       0.0121948       0.0120273
     0.000709016      0.00075663
      0.00373585      0.00383476
       0.0111694       0.0111136
     0.000614847     0.000699526
      0.00335317      0.00354481
       0.0136506       0.0136655
      0.00089669     0.000856092
      0.00438077      0.00435315
       0.0122635        0.012121
     0.000706803      0.00076196
      0.00374896      0.00386325
      0.00081507     0.000823956
       0.0041692      0.00417819
       0.0134048       0.0130803
     0.000822896     0.000822311
      0.00418988       0.0041686
       0.0134819       0.0131086
       0.0008322     0.000823747
      0.00421913      0.00417679
       0.0123131       0.0120706
     0.000720841     0.000759552
      0.00378031      0.00384903
       0.0149876       0.0149659
      0.00100008     0.000935545
      0.00486277       0.0047627
       0.0113902       0.0111613
     0.000645676     0.000701865
      0.00344421      0.00355817
       0.0123906       0.0120731
     0.000734351     0.000758907
      0.00381386      0.00384775
        0.012213        0.012028
     0.000712993     0.000756771
      0.00374514      0.00383526
       0.0111423        0.011094
     0.000614348     0.000698741
      0.00334677      0.00353977
       0.0223895       0.0219287
      0.00139626      0.00132035
      0.00713609      0.00688613
       0.0230531       0.0227261
      0.00142014      0.00135255
      0.00732619      0.00709645
       0.0483135       0.0522914
      0.00306255      0.00276265
       0.0156981       0.0155313
       0.0164357       0.0171259
      0.00107536      0.00106322
      0.00532758      0.00544202
       0.0163175       0.0170246
      0.00107951      0.00105865
       0.0053028      0.00541352
         0.02258       0.0222097
       0.0013792      0.00132959
      0.00714374       0.0069534
       0.0227074       0.0223761
      0.00138825      0.00133606
      0.00718279      0.00699633
        0.016458       0.0159511
     0.000941434     0.000970599
      0.00506514       0.0050266
       0.0161201       0.0157797
     0.000916435     0.000963074
      0.00494642      0.00497935
       0.0296687       0.0289765
      0.00945723      0.00910944
       0.0141925       0.0146969
     0.000983876     0.000923053
      0.00466452      0.00468379
       0.0142333       0.0147531
     0.000989298     0.000925693
      0.00467809      0.00469936
     0.000927721     0.000952754
      0.00491449      0.00490925
       0.0163167       0.0157704
     0.000928991      0.00096471
      0.00500791      0.00498389
       0.0158095       0.0152754
     0.000920947     0.000943081
      0.00487187      0.00484761
      0.00115988      0.00111909
      0.00591478      0.00583434
       0.0121757       0.0120503
     0.000702802     0.000757727
      0.00372265      0.00384122
       0.0122212       0.0120855
     0.000707802     0.000759409
      0.00373846      0.00385107
       0.0245691       0.0240845
      0.00142967      0.00140591
       0.0134015       0.0130423
     0.000823003     0.000820535
      0.00419048        0.004158
        0.013365       0.0130816
     0.000813054     0.000822382
      0.00416784        0.004169
       0.0123257       0.0120378
     0.000725541     0.000757115
      0.00378857      0.00383759
       0.0122225       0.0119874
     0.000713251     0.000754843
      0.00374944      0.00382386
       0.0124005       0.0120341
     0.000734771     0.000757035
       0.0136747       0.0138254
     0.000880266     0.000863592
      0.00436421      0.00439824
       0.0228958       0.0225696
      0.00139356      0.00134528
      0.00724164      0.00705233
      0.00798095      0.00791142
        0.024206       0.0256898
      0.00163623      0.00152645
      0.00802559      0.00802282
        0.034319       0.0357601
      0.00226567      0.00204333
       0.0113011       0.0110122
       0.0296358       0.0319459
      0.00205005      0.00190062
      0.00996264       0.0100112
       0.0388259       0.0412141
      0.00265929      0.00242032
       0.0130751       0.0128942
       0.0163552       0.0169872
      0.00108826      0.00105786
      0.00532623      0.00540592
       0.0184719       0.0196162
      0.00130503      0.00120733
      0.00617731      0.00621443
       0.0184778       0.0196251
      0.00129788      0.00120684
      0.00616699      0.00621409
       0.0298758       0.0328439
      0.00203403      0.00193402
      0.00998536       0.0102447
       0.0227951       0.0249996
      0.00159867      0.00152385
      0.00769251      0.00790538
       0.0243158       0.0261238
       0.0016708      0.00156182
      0.00811571      0.00818401
       0.0223137       0.0218517
      0.00137628      0.00131717
      0.00708018       0.0068656
       0.0245769       0.0259331
      0.00167157      0.00153917
       0.0257027       0.0265406
      0.00170824      0.00155754
      0.00842364       0.0082453
       0.0427665        0.045081
      0.00282153      0.00256839
       0.0141957       0.0139326
       0.0163228       0.0159054
     0.000919025      0.00096881
      0.00500396      0.00501508
       0.0178167       0.0176346
      0.00111902      0.00108131
      0.00568715      0.00558701
       0.0176471       0.0177937
      0.00109421      0.00108544
      0.00562376      0.00561888
       0.0216898       0.0221723
      0.00136728      0.00135056
      0.00700322      0.00701618
       0.0232805       0.0236278
      0.00146751        0.001418
      0.00753205      0.00743426
     0.000990614     0.000922904
       0.0046865      0.00468284
       0.0158292       0.0169631
      0.00118083      0.00105669
       0.0053705      0.00539134
       0.0157459       0.0169273
      0.00117385      0.00105584
      0.00534167      0.00538338
       0.0266436       0.0286471
      0.00180187      0.00168401
      0.00881804      0.00890037
       0.0201798        0.021694
       0.0014342      0.00133166
       0.0201791       0.0220054
      0.00145059       0.0013452
       0.0161774       0.0156194
     0.000935915     0.000956086
      0.00498918      0.00493575
       0.0189781       0.0189479
      0.00118164      0.00112631
      0.00600065      0.00591043
       0.0176672       0.0177017
      0.00112727      0.00108335
      0.00563974      0.00560271
        0.029088       0.0289529
      0.00177369      0.00171193
      0.00929133      0.00905398
       0.0121506       0.0120451
     0.000696578     0.000757465
      0.00370903      0.00383973
       0.0138094       0.0137526
     0.000897313     0.000860081
      0.00442499      0.00437774
       0.0137787       0.0138398
     0.000880356     0.000864581
      0.00439464      0.00440372
      0.00763657      0.00745399
       0.0180693       0.0181833
      0.00111326      0.00111073
      0.00573149      0.00574061
       0.0179274       0.0180979
      0.00111461      0.00110623
      0.00570806      0.00571461
       0.0134816       0.0130389
     0.000830022     0.000820418
      0.00421857      0.00415716
       0.0148967       0.0150235
     0.000995296     0.000938592
      0.00483176      0.00477967
       0.0148135       0.0149735
       0.0010012     0.000936997
      0.00481594      0.00476755
       0.0122768       0.0120527
       0.0136111       0.0137397
     0.000896341     0.000859807
      0.00436779      0.00437446
       0.0137394       0.0137265
     0.000901916     0.000859156
      0.00440955      0.00437098
       0.0249253       0.0244432
       0.0014592      0.00142141
      0.00776621      0.00755206
     0.000756336     0.000681016
     0.000119119     0.000101312
     1.86558e-05     1.50428e-05
     3.24286e-06     2.23602e-06
     0.000518813     0.000582609
     7.36589e-05      8.4686e-05
     1.26433e-05     1.23312e-05
     3.32186e-06     1.80187e-06
      2.7868e-07     1.29056e-10
      0.00162506      0.00162165
     0.000233973     0.000216498
      4.3533e-05     2.91588e-05
     1.43531e-05      3.9646e-06
     1.54372e-06     2.13664e-10
     0.000734803     0.000722832
        0.081489       0.0893767
       0.0323281        0.034047
      0.00496894      0.00495211
     9.94212e-05     0.000105921
     8.41207e-06     1.55859e-05
    -2.89627e-06     2.30332e-06
     -8.6434e-07     1.73267e-10
     0.000346209     0.000361243
     5.27966e-05     5.55981e-05
     7.81109e-06     8.54456e-06
       2.572e-08     1.15453e-10
     0.000336213     0.000360752
     4.62345e-05     5.55369e-05
     3.64423e-06     8.53769e-06
     -1.6178e-06     1.31268e-06
     -4.3007e-07     1.15458e-10
     0.000428027      0.00043599
     7.39119e-05     6.50803e-05
     1.85965e-05     9.73746e-06
     7.70561e-06     1.46191e-06
     1.18598e-06     1.18232e-10
     0.000316508     0.000310617
     5.39471e-05     4.87845e-05
     1.01846e-05     7.65992e-06
      2.2146e-06     1.20294e-06
     0.000505757     0.000491595
     8.02099e-05     7.49097e-05
     1.37628e-05      1.1415e-05
     2.71633e-06     1.74171e-06
     0.000283097     0.000305178
     4.62052e-05      4.8067e-05
     8.13981e-06     7.56866e-06
      1.3072e-06     1.19184e-06
     -2.7759e-07     1.16016e-10
       0.0216072        0.021245
        0.001263       0.0012585
      0.00672562      0.00661822
       0.0242249       0.0253128
      0.00162124      0.00150749
       0.0109535       0.0107404
        0.015065       0.0148248
     0.000802332     0.000900849
      0.00679431      0.00686617
       0.0221868       0.0226672
      0.00140016      0.00136513
      0.00713387      0.00713061
     0.000715087      0.00075784
      0.00376297      0.00384182
       0.0181302       0.0181946
      0.00113749      0.00111194
      0.00577547      0.00574572
       0.0194106       0.0190988
      0.00638659      0.00627511
      0.00641377      0.00626865
      0.00479004      0.00504928
      0.00386859      0.00396116
      0.00449537      0.00447009
      0.00327058      0.00356986
      0.00397866      0.00414326
       0.0039385      0.00414411
       0.0126545       0.0131529
       0.0103382       0.0105927
      0.00568497      0.00580258
      0.00569456      0.00583942
       0.0283935       0.0297768
      0.00187484      0.00174443
      0.00812343      0.00818552
      0.00970859       0.0095822
        0.031286       0.0317477
      0.00169544      0.00176554
      0.00896517      0.00899746
       0.0242265       0.0268866
       0.0159175       0.0160848
       0.0474915        0.050596
       0.0150247       0.0152795
       0.0392515       0.0434544
      0.00250246      0.00245662
       0.0392431       0.0434873
      0.00248969      0.00245847
       0.0169727        0.017291
      0.00109454       0.0010704
       0.0303116       0.0308561
      0.00234565      0.00229791
      0.00764309      0.00766018
      0.00541441       0.0054495
       0.0163298       0.0164616
      0.00107997      0.00100886
      0.00526322      0.00520067
       0.0254443       0.0270835
      0.00583174      0.00576968
       0.0186861       0.0180972
     0.000925951     0.000982101
       0.0133466       0.0132071
       0.0213027       0.0207197
       0.0180518       0.0185536
      0.00420599      0.00420244
       0.0126714       0.0124962
     0.000823394     0.000781393
      0.00403538      0.00397595
       0.0217443       0.0217325
       0.0070123      0.00678694
       0.0211393       0.0206276
      0.00597687      0.00590516
       0.0314019       0.0317287
      0.00170974      0.00176503
       0.0214328       0.0209136
       0.0176606       0.0181112
      0.00113297      0.00112639
      0.00127403      0.00125431
       0.0178092       0.0183385
      0.00111936      0.00113392
      0.00568975      0.00582097
      0.00128419      0.00126141
       0.0107097       0.0106349
     0.000561507     0.000661175
      0.00316423      0.00337933
      0.00964122      0.00981437
     0.000437159     0.000606531
      0.00270644      0.00311245
       0.0107919       0.0107242
     0.000554133     0.000665561
      0.00318363      0.00340559
      0.00565769      0.00564305
       0.0193744         0.01873
     0.000824198     0.000776814
       0.0114787       0.0113118
     0.000660736     0.000707406
      0.00350241      0.00360296
      0.00081483      0.00077377
       0.0217604       0.0217471
      0.00700094      0.00679089
     0.000785686      0.00078354
       0.0116365       0.0114544
      0.00064623     0.000714101
      0.00352851      0.00364382
     0.000784494     0.000775488
       0.0210628       0.0206182
      0.00678801      0.00649714
       0.0291058       0.0295311
      0.00161124      0.00164913
      0.00886838      0.00896407
       0.0274328       0.0268584
      0.00138316      0.00150951
      0.00806417      0.00819176
       0.0294314       0.0297227
      0.00162883      0.00165458
      0.00898645      0.00900898
       0.0154441       0.0156878
       0.0500855         0.05388
      0.00105138     0.000990288
      0.00513551      0.00507141
       0.0153094       0.0152388
     0.000913119     0.000929536
      0.00475968      0.00481069
       0.0165521       0.0165163
      0.00108025      0.00101088
      0.00533457      0.00521567
       0.0251655       0.0269302
       0.0164348       0.0165891
      0.00105414      0.00101808
      0.00529462      0.00524569
       0.0149731       0.0149775
     0.000876844     0.000918277
      0.00465911      0.00473659
        0.016411       0.0164095
      0.00104856      0.00100937
      0.00528401      0.00519478
       0.0286537       0.0292165
      0.00934069      0.00906543
       0.0303311       0.0323644
      0.00209455      0.00191966
       0.0101776       0.0101313
       0.0117879       0.0114815
        0.023769       0.0255448
      0.00166217      0.00154961
      0.00799555      0.00806684
       0.0298714       0.0320278
      0.00205422      0.00191321
       0.0100429       0.0100648
       0.0253801       0.0254933
       0.0015789      0.00148287
      0.00812245      0.00790501
      0.00143474      0.00138209
      0.00729665      0.00720788
       0.0201198       0.0220397
      0.00145724      0.00134726
      0.00682166      0.00696324
        0.026253       0.0263338
      0.00159036      0.00150292
      0.00831122       0.0080837
       0.0176609       0.0178212
      0.00111574      0.00109473
      0.00563607      0.00564034
       0.0178629       0.0179935
       0.0011169      0.00110176
      0.00568091        0.005686
        0.017605       0.0176702
      0.00111792      0.00108881
      0.00562882      0.00560123
      0.00707497      0.00719914
      0.00189771      0.00176161
      0.00662939      0.00634246
      0.00567621       0.0057659
      0.00996876       0.0101294
      0.00511611      0.00519642
       0.0173286        0.017493
       0.0011005      0.00107073
      0.00555423      0.00552912
       0.0160209       0.0161076
      0.00496035      0.00508712
       0.0173783       0.0175386
      0.00109947      0.00107249
      0.00556565      0.00554098
       0.0170219       0.0173085
       0.0010831      0.00106527
      0.00547684      0.00548575
      0.00825846      0.00830988
       0.0294047       0.0296485
      0.00162081      0.00165378
       0.0292852       0.0295143
      0.00161184      0.00165075
       0.0089087      0.00896942
        0.027854       0.0271403
      0.00139956      0.00152201
      0.00818924      0.00827252
       0.0292783       0.0296506
      0.00162807      0.00165171
      0.00894135      0.00898875
       0.0291414       0.0294677
      0.00160099      0.00164894
      0.00885644      0.00895597
       0.0272066       0.0266986
      0.00138271      0.00150246
      0.00801002      0.00814636
       0.0152346       0.0151779
     0.000907923     0.000928332
       0.0047479      0.00479768
       0.0162277       0.0161762
      0.00106804     0.000997254
      0.00523309      0.00512593
       0.0159587       0.0160324
      0.00105255      0.00099348
      0.00515955      0.00509248
       0.0149927       0.0149947
     0.000889281     0.000919592
      0.00467847      0.00474311
       0.0161425       0.0161302
      0.00103901      0.00099654
      0.00519748      0.00511593
       0.0162783       0.0163862
      0.00105634      0.00100855
       0.0052481      0.00518787
       0.0149074       0.0149094
     0.000878273     0.000916493
      0.00464229      0.00472158
       0.0164843       0.0165969
      0.00106754      0.00101819
       0.0053298      0.00524773
       0.0166013       0.0166973
      0.00108579      0.00102101
      0.00535671      0.00527118
       0.0159361       0.0158158
     0.000939819     0.000946789
      0.00491839      0.00494492
       0.0163806       0.0165415
      0.00106058       0.0010159
      0.00529528      0.00523314
     0.000468953       0.0006187
      0.00279753      0.00320465
       0.0108487       0.0107741
     0.000573938     0.000666204
      0.00320685      0.00341495
       0.0107295       0.0106798
     0.000583866     0.000661684
      0.00318495       0.0033876
      0.00970871      0.00991211
     0.000449329     0.000610496
      0.00272838      0.00313926
       0.0107874       0.0107003
     0.000553999     0.000664512
      0.00317911      0.00339896
       0.0105918       0.0105384
     0.000570953     0.000657083
      0.00314601      0.00335312
      0.00967877      0.00983197
      0.00044008     0.000607079
       0.0027178      0.00311666
       0.0116682       0.0115006
     0.000654474     0.000715276
      0.00354434      0.00365402
       0.0128131       0.0123791
     0.000823923     0.000775147
      0.00407544      0.00394147
       0.0127467       0.0124554
      0.00080751     0.000779389
      0.00404202      0.00396484
       0.0116671       0.0114987
     0.000644019     0.000715908
      0.00353842      0.00365559
       0.0127198        0.012344
     0.000804876     0.000774123
      0.00403305      0.00393361
       0.0126649       0.0125354
     0.000791182     0.000783455
      0.00399945      0.00398816
       0.0115705       0.0114067
     0.000650665      0.00071134
       0.0035121      0.00362845
       0.0126671       0.0124983
     0.000779708     0.000781426
      0.00398838      0.00397719
       0.0126901       0.0125816
     0.000800143     0.000784903
      0.00400908      0.00399889
       0.0115843       0.0114044
     0.000667668     0.000710568
      0.00353273      0.00362584
       0.0126177        0.012439
      0.00079318     0.000778685
      0.00398967      0.00396027
       0.0111251       0.0111565
     0.000577248      0.00069977
      0.00327119        0.003558
       0.0123346       0.0122181
     0.000726514     0.000767332
      0.00379576      0.00389475
       0.0111735       0.0112284
     0.000568675     0.000702264
      0.00327062       0.0035758
       0.0123599       0.0122576
     0.000719163     0.000768753
      0.00379147      0.00390471
       0.0122999        0.012223
     0.000721849     0.000767507
      0.00378068      0.00389599
       0.0158657       0.0159501
       0.0126162        0.012538
      0.00397795      0.00398877
       0.0126965       0.0123367
      0.00403729      0.00393123
       0.0127375       0.0124002
      0.00405763      0.00394898
       0.0126711       0.0123677
      0.00399943       0.0039412
     0.000373762     0.000388772
     6.26114e-05     5.91991e-05
     5.05939e-06     1.37383e-06
      8.4883e-07     1.17012e-10
     0.000746486      0.00067586
     0.000116123     0.000100842
     1.73288e-05     1.49993e-05
      2.6266e-06     2.23193e-06
      -9.916e-08     1.71272e-10
     0.000662865     0.000613097
     0.000101485     9.26777e-05
     1.30244e-05     1.39641e-05
      6.2239e-07     2.10355e-06
      -4.006e-07     1.69338e-10
     0.000430147     0.000418691
      6.7707e-05     6.44787e-05
     1.01114e-05     9.91158e-06
     1.23575e-06     1.52347e-06
      -3.985e-08     1.33638e-10
     0.000766506     0.000690685
     0.000118357      0.00010221
     1.76062e-05     1.51288e-05
     2.53158e-06     2.24449e-06
     -1.2281e-07     1.71409e-10
     0.000635962     0.000674949
     8.53359e-05      9.8988e-05
     8.89091e-06     1.45772e-05
    -1.06689e-06     2.15577e-06
     -6.9896e-07     1.62576e-10
     0.000605223     0.000630889
     8.43286e-05     9.22591e-05
     1.02605e-05     1.35301e-05
      4.6979e-07     1.99171e-06
     -2.2002e-07      1.4715e-10
      0.00161951      0.00161608
     0.000234554     0.000215972
     4.51435e-05      2.9108e-05
     1.54768e-05     3.95971e-06
      1.8167e-06     2.13708e-10
      0.00033981     0.000360199
     5.01163e-05     5.54761e-05
     6.43787e-06     8.52984e-06
      2.6435e-07     1.31156e-06
      -3.736e-08     1.15403e-10
     0.000675622      0.00062228
     9.39124e-05     9.37713e-05
     5.15316e-06     1.40896e-05
    -5.34135e-06     2.11691e-06
    -1.60801e-06     1.68529e-10
     0.000441458     0.000392691
     8.29188e-05     6.07702e-05
     1.97376e-05      9.3961e-06
     6.82603e-06     1.45334e-06
     0.000445132     0.000401207
     8.15287e-05     6.18748e-05
     1.89563e-05     9.54113e-06
     6.68805e-06      1.4726e-06
     1.02155e-06     1.32303e-10
     0.000743604     0.000647498
     0.000119453     9.66045e-05
     1.90261e-05     1.43999e-05
     2.90861e-06     2.15041e-06
     -1.9261e-07     1.68987e-10
     6.42515e-05     6.41422e-05
      1.2751e-05     9.64763e-06
       4.072e-06     1.45342e-06
      5.4656e-07     1.18204e-10
     0.000509247     0.000574076
     7.37416e-05     8.37342e-05
     1.40143e-05     1.22272e-05
     0.000241488     0.000283132
     3.01552e-05     4.42234e-05
      2.0973e-07     6.90266e-06
     -3.1583e-06     1.07758e-06
    -1.02362e-06     1.01193e-10
     0.000680461     0.000681445
     9.32419e-05     9.98076e-05
      9.2566e-06     1.46725e-05
    -1.47689e-06     2.16578e-06
     -5.8963e-07     1.61973e-10
     0.000339762     0.000307484
     6.37365e-05     4.83486e-05
     1.49319e-05     7.59933e-06
     4.80394e-06     1.19451e-06
       2.344e-07     1.15381e-10
     0.000502055     0.000492515
     7.86998e-05     7.50043e-05
     1.29716e-05     1.14251e-05
     2.28672e-06     1.74282e-06
       3.156e-08     1.49022e-10
      0.00064706     0.000586421
     9.71635e-05     8.85414e-05
     1.03748e-05     1.33591e-05
      -2.367e-06     3.05386e-07
     -8.2986e-07     1.64979e-10
     0.000652176     0.000593266
     9.57409e-06     1.34718e-05
    -2.21165e-06     2.03215e-06
     -8.4891e-07     1.65535e-10
      0.00084239     0.000761766
     0.000131262     0.000112431
     1.95896e-05     1.65812e-05
     2.85077e-06     2.45027e-06
     -1.3262e-07     1.83789e-10
      0.00451269      0.00466919
      0.00682203      0.00695172
      0.00059806     0.000527943
     9.89637e-05     8.11414e-05
     1.39225e-05     1.24595e-05
      2.4201e-07     1.91423e-06
     -7.1298e-07     1.68144e-10
        0.011125       0.0111307
     0.000454857     0.000436528
      7.6553e-05     6.71556e-05
     1.46128e-05     1.03245e-05
     1.55293e-06     2.44668e-07
      3.9476e-07     1.40341e-10
     0.000424631      0.00039957
      4.3957e-07     1.28987e-10
     0.000534478      0.00049861
     7.48492e-05     7.57275e-05
     5.08224e-06     1.15043e-05
    -1.39287e-06     1.48119e-10
     0.000559447     0.000496983
     9.73951e-05     7.55562e-05
     2.02417e-05      1.1488e-05
     6.07047e-06      1.7492e-06
      7.4824e-07     1.48475e-10
     0.000291743     0.000325275
     4.75779e-05     5.14561e-05
     8.39077e-06      8.1406e-06
      1.1226e-06     1.28802e-06
     -4.4657e-07     1.27942e-10
       0.0641166       0.0702042
       0.0108105       0.0107051
     6.75083e-05     6.17027e-05
     9.98873e-06     9.52197e-06
      8.7531e-07     1.47028e-06
     -1.0335e-07     1.32111e-10
    -2.26544e-06     4.98733e-08
      0.00998067       0.0101414
        0.010579       0.0107239
       0.0095449      0.00970164
       0.0104442       0.0105985
        0.010271       0.0104307
       0.0101703       0.0103316
       0.0100028       0.0101652
        0.010061        0.010223
      0.00991002       0.0100681
      0.00988316       0.0100429
      0.00987076       0.0100302
      0.00994486       0.0101052
      0.00981633      0.00997863
       0.0837273       0.0928481
       0.0334033       0.0354088
       0.0230739       0.0240835
       0.0159259       0.0163823
       0.0109819        0.011145
      0.00963888      0.00973948
      0.00928626      0.00937154
      0.00830332      0.00834909
        0.006274      0.00625504
      0.00357386      0.00351162
      0.00203046      0.00197204
     0.000295336     0.000288819
     0.000782092     0.000754341
       0.0097963      0.00991441
      0.00176799      0.00161485
       0.0753658       0.0926547
      0.00433117      0.00445118
       0.0384217       0.0419893
      0.00242881      0.00234819
        0.038812       0.0423575
      0.00244872       0.0023612
       0.0309445       0.0321264
      0.00180645      0.00178345
        0.030757       0.0318813
      0.00178834      0.00177744
        0.013278       0.0131969
       0.0131443       0.0129928
       0.0129873       0.0129978
       0.0127975       0.0133479
      0.00939537      0.00931027
      0.00871327      0.00853489
       0.0127834       0.0133581
      0.00926254      0.00916734
      0.00952101      0.00960431
      0.00947313      0.00960845
       0.0152979        0.015478
       0.0240426       0.0267291
      0.00544974      0.00548626
      0.00547595      0.00547353
       0.0123517       0.0127473
      0.00983624      0.00943273
        0.008386      0.00836217
       0.0119935       0.0124849
      0.00774373      0.00771649
      0.00851209      0.00850446
       0.0125764       0.0129113
      0.00799259       0.0079218
      0.00568601      0.00566196
      0.00586721      0.00583605
      0.00417952      0.00420515
      0.00420098      0.00420773
      0.00960028      0.00969142
      0.00685577      0.00651774
      0.00696716      0.00669004
      0.00965036      0.00971796
      0.00688134      0.00656083
      0.00596785      0.00592503
      0.00592915       0.0058881
      0.00679047      0.00649549
      0.00956771      0.00966604
      0.00692054      0.00666884
       0.0040193       0.0041424
      0.00672627      0.00656223
      0.00395847      0.00414368
      0.00664936        0.006529
      0.00671836      0.00658542
      0.00607671      0.00601402
       0.0095714      0.00970115
      0.00699382      0.00679409
      0.00688819      0.00665473
      0.00954936      0.00967299
      0.00699564      0.00680692
      0.00964273      0.00972026
      0.00698124      0.00669661
       0.0236337       0.0262504
       0.0160868       0.0162938
       0.0237495        0.026411
       0.0162936       0.0164969
       0.0120448       0.0125606
      0.00840376      0.00845257
      0.00978522      0.00945763
       0.0124501       0.0128168
      0.00906028      0.00884378
      0.00852971      0.00850747
       0.0118117       0.0123888
       0.0091954      0.00894003
       0.0109638       0.0111257
         0.01056       0.0107063
        0.010171       0.0103028
       0.0170815       0.0169298
       0.0144798       0.0145532
       0.0139709       0.0139175
       0.0130077       0.0127789
      0.00995792      0.00980004
      0.00900765      0.00902481
      0.00956589      0.00951094
      0.00884245      0.00890104
      0.00992002      0.00995393
       0.0100686       0.0100773
       0.0138812       0.0140147
       0.0101739       0.0101513
      0.00988881       0.0103577
      0.00879672      0.00886401
       0.0097577      0.00967375
      0.00868596      0.00879021
      0.00910027      0.00895401
      0.00825667      0.00817881
       0.0188963       0.0189609
      0.00979574       0.0097645
      0.00965448      0.00950878
       0.0103329       0.0103422
      0.00939023       0.0092524
      0.00944433      0.00952399
      0.00967888      0.00972713
       0.0220691       0.0210527
       0.0097601      0.00980325
       0.0100322      0.00996027
       0.0104097       0.0104372
       0.0104355       0.0105041
       0.0100649      0.00999939
      0.00979752      0.00980148
       0.0100644      0.00996955
       0.0104317       0.0104542
        0.010121       0.0102845
      0.00972202      0.00979601
      0.00945715      0.00960983
       0.0097448      0.00978214
       0.0101204       0.0102618
       0.0101306       0.0102819
       0.0097377      0.00979373
      0.00975672      0.00978175
       0.0101302       0.0102623
       0.0101459       0.0102756
      0.00976744      0.00978853
        0.009505      0.00960569
      0.00977941      0.00978165
       0.0101476       0.0102644
       0.0101554       0.0102689
      0.00978482      0.00978378
        0.014619       0.0145635
       0.0146894       0.0146348
       0.0174413       0.0174993
       0.0144895       0.0145598
       0.0149646       0.0148928
       0.0167117       0.0165331
       0.0137782       0.0136441
       0.0144953       0.0143125
        0.016237       0.0161818
        0.013528       0.0133325
       0.0147238        0.014509
      0.00855522      0.00863073
       0.0137079        0.013262
       0.0131842       0.0130919
       0.0136563       0.0136852
       0.0135293       0.0135281
       0.0135248       0.0133702
       0.0137217       0.0137212
       0.0145377       0.0144984
       0.0128971       0.0128062
       0.0137863       0.0136332
       0.0125858       0.0124843
       0.0161919       0.0159768
       0.0141231       0.0141204
       0.0170102       0.0168783
       0.0166114       0.0164236
         0.01725       0.0171634
       0.0147564       0.0147967
       0.0160091       0.0158925
       0.0119243       0.0117335
       0.0134376       0.0132752
       0.0104393       0.0103542
       0.0103571       0.0101952
       0.0133705       0.0132647
       0.0143747       0.0143135
      0.00746498       0.0074512
       0.0103987       0.0103496
       0.0112021        0.010964
       0.0101551       0.0100627
       0.0100017      0.00996588
       0.0101055       0.0100254
       0.0102621        0.010259
       0.0100811      0.00998984
       0.0101622       0.0101676
       0.0103101       0.0102635
       0.0103764       0.0103779
       0.0103917       0.0103212
       0.0101636       0.0102209
       0.0100727      0.00996785
       0.0101177       0.0100291
       0.0100464         0.01002
       0.0100069       0.0098979
      0.00982577      0.00990954
      0.00921792      0.00928612
       0.0101045       0.0101199
       0.0101646       0.0102026
      0.00981163      0.00970523
       0.0103023       0.0102505
       0.0100942       0.0101389
      0.00868629      0.00904184
       0.0101036       0.0101168
      0.00818034        0.008269
      0.00914347       0.0091362
       0.0100864       0.0101053
       0.0101632       0.0101533
      0.00988598      0.00992597
      0.00935614       0.0094155
      0.00874025      0.00880507
      0.00930324      0.00935839
      0.00991509      0.00985314
       0.0102504       0.0101173
      0.00986488      0.00984018
       0.0100622      0.00994502
      0.00975808       0.0101279
      0.00939123      0.00941373
       0.0103557       0.0103121
       0.0104815       0.0104731
       0.0292966       0.0282951
       0.0131349       0.0132884
      0.00604456      0.00630057
       0.0186236       0.0186469
       0.0190153       0.0187671
       0.0324712       0.0331147
       0.0319926       0.0323914
       0.0324535       0.0328934
       0.0328503       0.0344608
       0.0328691       0.0348005
       0.0325033       0.0330962
       0.0320378       0.0323876
       0.0324928       0.0329047
       0.0328758       0.0344826
       0.0329176       0.0347273
       0.0325766       0.0330484
       0.0321278       0.0323801
       0.0325714       0.0329381
       0.0329225       0.0345443
        0.031718       0.0323703
       0.0312471        0.031754
         0.03173       0.0323391
       0.0320877       0.0339342
       0.0317494       0.0323621
       0.0317617       0.0323352
        0.032116       0.0339333
       0.0318156       0.0323441
       0.0313632        0.031735
        0.031823       0.0323289
        0.032174       0.0339338
       0.0322119       0.0339422
      0.00876233      0.00869869
       0.0178625       0.0174811
        0.019441       0.0190093
        0.020621       0.0200375
        0.019889       0.0194716
       0.0226038       0.0222473
       0.0175237       0.0169849
       0.0213775       0.0209405
       0.0205501       0.0200474
       0.0205966       0.0201662
       0.0186484       0.0181251
       0.0171636       0.0167989
       0.0211275       0.0207103
       0.0192221        0.018569
       0.0196775       0.0190684
       0.0170143       0.0165735
       0.0209301       0.0204636
        0.018916       0.0182603
       0.0171752       0.0167837
       0.0198306       0.0194116
       0.0184663       0.0180722
       0.0161872       0.0158075
       0.0187286       0.0182628
       0.0191082       0.0184022
       0.0206291       0.0202104
       0.0162446       0.0158187
       0.0202346       0.0197814
       0.0177094       0.0172946
       0.0192763       0.0188392
       0.0362676       0.0330832
       0.0193073       0.0188631
       0.0200597       0.0196696
        0.022573        0.022111
       0.0199955       0.0195055
       0.0123417       0.0125397
       0.0151612       0.0152948
       0.0175702        0.016978
       0.0206904       0.0203585
       0.0212098       0.0207028
       0.0171932       0.0166665
       0.0216397        0.021155
       0.0205928       0.0200791
       0.0208604       0.0204243
        0.021485       0.0210603
      0.00963329       0.0100192
       0.0139098       0.0136455
       0.0230063       0.0225302
       0.0206701       0.0201113
       0.0105274       0.0106903
      0.00935885      0.00954892
       0.0116931        0.011812
       0.0178295       0.0180721
        0.025518        0.025034
       0.0196207       0.0188506
       0.0170238       0.0166188
       0.0230743       0.0225917
      0.00450652      0.00442189
      0.00601008      0.00596558
      0.00650805      0.00640829
      0.00728393      0.00706621
      0.00925709      0.00897686
      0.00327817      0.00324962
      0.00287584      0.00286059
      0.00325055       0.0031984
      0.00518408      0.00505337
      0.00773011      0.00753343
      0.00531571      0.00535751
      0.00474807      0.00463968
      0.00465657      0.00457582
      0.00503975      0.00494039
      0.00438884      0.00431781
      0.00427529      0.00419682
      0.00366016      0.00357976
      0.00441698      0.00432584
      0.00778137      0.00752717
      0.00965686      0.00935542
      0.00870604      0.00843604
      0.00906316      0.00882607
      0.00874191      0.00859027
       0.0104654       0.0102267
      0.00988264      0.00967587
        0.011384       0.0111874
      0.00977099      0.00957332
      0.00872582       0.0085582
      0.00826136      0.00812921
      0.00750711      0.00738022
      0.00661345      0.00655388
      0.00853741      0.00843759
      0.00743883       0.0073324
      0.00903084      0.00891458
       0.0117739       0.0115749
       0.0116259        0.011429
      0.00577845       0.0058539
      0.00463861      0.00471026
       0.0044908      0.00459389
      0.00334814      0.00342675
      0.00329061      0.00337865
      0.00356846      0.00364507
      0.00334461       0.0034021
      0.00365303      0.00374069
      0.00391442      0.00398786
      0.00387847      0.00395397
      0.00750627      0.00776602
      0.00626474      0.00644053
      0.00642623      0.00659472
      0.00644315      0.00658526
      0.00584915      0.00600014
      0.00499729      0.00511312
      0.00457698      0.00461971
      0.00370092      0.00368474
      0.00428917      0.00432323
      0.00378598      0.00379791
     0.000882974     0.000844425
      0.00120175      0.00117655
      0.00176301      0.00174611
      0.00158394      0.00158903
      0.00116194      0.00116492
      0.00169347      0.00169324
      0.00222782      0.00220972
      0.00223649      0.00219939
      0.00271336      0.00270769
      0.00242049      0.00242758
      0.00183758      0.00178589
       0.0014031      0.00137942
      0.00154631      0.00154517
      0.00103828      0.00103096
      0.00142115      0.00139266
      0.00153041      0.00149534
      0.00206185       0.0020285
      0.00303621      0.00295407
      0.00501598      0.00484742
      0.00561482      0.00547816
      0.00837879      0.00840659
      0.00873047      0.00868523
      0.00971056      0.00966795
       0.0106648       0.0106377
       0.0114565       0.0115434
       0.0104461       0.0104325
      0.00980878      0.00990341
       0.0080824      0.00814769
      0.00708113      0.00708171
      0.00794142      0.00787594
