QM Energy	FF Energy
      0.00226695      0.00220542
     -0.00585416     -0.00485507
     -0.00753586     -0.00672139
     -0.00671449     -0.00629064
     -0.00407336     -0.00407812
     -0.00234794     -0.00249803
      -0.0014243     -0.00160513
    -0.000632793    -0.000781093
     0.000661074      0.00046827
     -0.00606365     -0.00631447
     -0.00671814     -0.00711436
      -0.0056508     -0.00615727
     -0.00328565     -0.00386035
     -0.00188044     -0.00240244
     -0.00120069     -0.00156828
    -0.000577487    -0.000776258
    -0.000198072    -0.000277663
      0.00660872      0.00720707
     -0.00412947     -0.00424409
     -0.00734965     -0.00782917
     -0.00673557     -0.00758669
     -0.00426657     -0.00512031
     -0.00260078     -0.00329551
     -0.00167478     -0.00222775
    -0.000828195      -0.0011926
      0.00731914       0.0122725
     -0.00529552     -0.00492793
     -0.00757876     -0.00829811
     -0.00689307     -0.00789127
     -0.00436643     -0.00528449
    -0.000166659      0.00045985
     -0.00676949     -0.00790066
     -0.00590667     -0.00713524
     -0.00361917     -0.00463349
      0.00341737      0.00409007
     -0.00429123     -0.00489447
     -0.00560732      -0.0066584
     -0.00502461      -0.0061934
     -0.00324361     -0.00427565
       0.0025826      0.00370026
     -0.00574321     -0.00564912
     -0.00693168      -0.0071874
     -0.00599443     -0.00641177
     -0.00359266     -0.00410775
     -0.00245701     -0.00397403
     -0.00475015     -0.00671262
     -0.00473326     -0.00661455
     -0.00334473     -0.00477219
     -0.00221315     -0.00325057
     -0.00151577     -0.00227644
     -0.00080602     -0.00124097
    -0.000313606    -0.000490826
      0.00517871      0.00235046
    -0.000903261     -0.00228166
      0.00866839      0.00757151
    -0.000329592    -0.000498714
        0.010136       0.0133442
     -0.00132755     -0.00263594
     -0.00353599     -0.00485074
     -0.00422632     -0.00587099
      -0.0013102     -0.00380301
      -0.0039547     -0.00552579
     -0.00457884     -0.00681111
       0.0007645     -0.00363332
     -0.00352301     -0.00560188
     -0.00349988     -0.00675192
     -0.00326787     -0.00465273
     -0.00457352      -0.0059175
     -0.00573834     -0.00738499
      0.00232234      -0.0020907
     -0.00278526     -0.00497239
     -0.00234264     -0.00568116
      0.00299933       0.0036341
     -0.00157592     -0.00108937
     -0.00121529    -0.000694829
      0.00228401     0.000885185
     -0.00154937      -0.0029095
     -0.00109154      -0.0027704
      0.00166606    -0.000876864
     -0.00217338     -0.00382369
     -0.00182026     -0.00411887
     -0.00104343     -0.00332581
     -0.00329319     -0.00489868
     -0.00366338     -0.00582102
      0.00174461     -0.00214407
     -0.00239156      -0.0044738
     -0.00196104     -0.00506241
     -0.00194516     -0.00337486
     -0.00337917     -0.00485095
      -0.0040316     -0.00579165
      0.00831637      0.00784371
     0.000739337     0.000858926
      0.00272429      0.00258171
    -0.000977734     -0.00203729
     -0.00328587     -0.00453035
     -0.00388214     -0.00536983
     -0.00176612     -0.00261398
     -0.00384802     -0.00498416
     -0.00462899     -0.00592964
     -0.00232243      -0.0037235
     -0.00424205     -0.00558967
     -0.00513044     -0.00678225
     -0.00357041     -0.00527689
     -0.00379457     -0.00622039
      -0.0023859     -0.00444397
     -0.00411958     -0.00575854
     -0.00502604     -0.00715022
      0.00213765      0.00520942
     -0.00171244    -0.000637812
     -0.00163183     0.000164743
      0.00300854      0.00547157
    -0.000632089      0.00011688
    -0.000247063      0.00120978
      0.00192697      0.00242212
     -0.00146852     -0.00137083
     -0.00130928     -0.00104788
      7.3914e-07    -0.000400748
     -0.00242475     -0.00275291
     -0.00274121     -0.00312432
    -0.000558928    -0.000108304
      -0.0025307     -0.00261576
     -0.00302673      -0.0029181
    -0.000711017    -0.000172488
     -0.00240795     -0.00256445
      -0.0029432     -0.00286488
       0.0131189       0.0130418
      0.00221866      0.00282851
      0.00538553      0.00592346
      0.00844501       0.0101897
      0.00192331      0.00228578
      0.00390983      0.00470134
      0.00860313      0.00816307
         0.00164      0.00127821
      0.00374071      0.00321672
      0.00619435      0.00528294
      0.00049543    -0.000143003
      0.00200504      0.00110487
      0.00762449      0.00604626
      0.00105575     0.000194852
      0.00295152      0.00164174
      0.00434565      0.00476979
    -7.00035e-05    -0.000391762
     0.000923356     0.000727485
       0.0104122      0.00980421
      0.00223891      0.00257338
      0.00479644      0.00482725
      0.00693108      0.00765556
     0.000607983     0.000885989
      0.00210854      0.00259265
       0.0049478      0.00499675
    -0.000393094    -0.000377933
      0.00059305     0.000657199
    -0.000351079     0.000296854
     -0.00250597     -0.00246255
     -0.00294919     -0.00264217
      0.00238234      0.00140887
     -0.00234013     -0.00130897
     -0.00313107     -0.00308126
     -0.00411214     -0.00369106
      0.00893036       0.0126541
       0.0077788       0.0137755
      0.00221141      0.00436652
      0.00384927      0.00757709
      0.00836684       0.0131023
      0.00220789      0.00394524
      0.00403839      0.00699703
      0.00738243       0.0117919
      0.00171762      0.00328534
      0.00331646      0.00602968
      0.00736844       0.0119763
      0.00175589      0.00337442
      0.00334037       0.0061631
      0.00580948       0.0111527
      0.00124909       0.0030659
      0.00241429      0.00565427
      0.00894662      0.00954078
      0.00179421      0.00191126
      0.00394176      0.00416965
      0.00843854       0.0140935
      0.00234544      0.00443695
      0.00416057      0.00771586
      0.00265673      0.00425007
      0.00485311      0.00749014
      0.00927786       0.0128018
      0.00236205      0.00369995
      0.00446059      0.00668664
       0.0100998       0.0131867
      0.00266029      0.00386915
      0.00498001       0.0069556
      0.00775086       0.0121021
      0.00188019      0.00341951
      0.00356949      0.00623957
       0.0070897      0.00816856
     0.000947938      0.00138875
      0.00256899      0.00325945
      0.00944394       0.0144038
      0.00278262      0.00462397
      0.00488531      0.00800329
      0.00977984       0.0138291
      0.00273731       0.0042608
      0.00494882      0.00750169
      0.00771745       0.0120838
      0.00185928      0.00341102
      0.00354423      0.00623084
      0.00584268       0.0110464
      0.00121238      0.00299799
      0.00239962      0.00556506
       0.0012624     -0.00200896
     -0.00321922     -0.00487483
     -0.00309494     -0.00561354
     -0.00101569     -0.00237409
     -0.00368937     -0.00482544
     -0.00426982     -0.00574883
         0.03926       0.0357356
      0.00504003      0.00591964
       0.0146237       0.0142873
    -0.000344312     -0.00191035
      -0.0029543     -0.00424913
     -0.00316116     -0.00482216
      0.00174962     8.91121e-05
     -0.00201374     -0.00328647
     -0.00167424     -0.00335916
     -0.00239543     -0.00460226
     -0.00435897      -0.0058321
     -0.00526162     -0.00732223
     -0.00140296      -0.0031799
     -0.00383031     -0.00514818
     -0.00449959     -0.00630511
     0.000831317       0.0028516
     -0.00179885     -0.00120309
     -0.00197513    -0.000756862
      0.00306848       0.0059283
    -0.000766958     0.000228687
    -0.000379525      0.00143729
      0.00913658      0.00932294
      0.00192634      0.00209571
      0.00682893      0.00696876
     0.000873571     0.000730042
      0.00251313      0.00236404
      0.00904218      0.00973591
      0.00195158      0.00211491
      0.00412601      0.00440705
      -0.0014662     -0.00197859
     -0.00113112     -0.00185761
    -7.96589e-05      0.00111596
     -0.00238387     -0.00197224
      -0.0027671     -0.00198767
      0.00518173      0.00576387
    -0.000274417     0.000105143
      0.00076083       0.0012904
      0.00137654      0.00294123
      0.00330915      0.00587378
      0.00768736       0.0129512
      0.00198044      0.00387736
      0.00362038      0.00688944
      0.00893352       0.0143909
      0.00256319       0.0045815
      0.00451017      0.00793767
     -0.00280256     -0.00366739
     -0.00435339     -0.00554333
      0.00957699       0.0134674
      0.00251507      0.00405002
      0.00468183      0.00718554
      0.00982625       0.0144679
       0.0027292      0.00456649
       0.0049285      0.00792983
      0.00816585       0.0122774
      0.00204792      0.00351867
       0.0038462      0.00638266
      0.00790185       0.0126852
      0.00196239      0.00373534
        0.003684      0.00668746
       0.0099746       0.0144452
      0.00284401      0.00458903
      0.00758033      0.00935298
      0.00143682      0.00190359
      0.00316411      0.00409006
     -0.00243629     -0.00365831
     -0.00426164     -0.00536543
     -0.00522311     -0.00665089
      -0.0031171     -0.00248374
     -0.00121661     0.000343112
     -0.00324251     -0.00300034
      -0.0039837     -0.00337426
       0.0203251       0.0209385
      0.00233474      0.00352642
      0.00725887      0.00835711
       0.0113435       0.0168812
      0.00109616      0.00290426
      0.00359434      0.00662845
       0.0193986       0.0265219
      0.00292773      0.00481628
      0.00759204       0.0110152
      0.00263511     0.000382243
     -0.00186809     -0.00325849
     -0.00125684     -0.00323329
      0.00676188      0.00514491
     -8.4549e-05    -0.000485544
      0.00152369     0.000577903
        0.004158      0.00126297
      -0.0014444     -0.00230684
    -0.000474132     -0.00220851
      0.00855704       0.0166234
     0.000650538      0.00323098
      0.00227228      0.00674952
      0.00460421      0.00969889
    -0.000359382      0.00163049
     0.000340401      0.00347334
       0.0100411       0.0127706
     0.000651516      0.00203673
      0.00289547       0.0047819
     0.000200555     -0.00235813
     -0.00343159     -0.00482969
     -0.00363616     -0.00572602
      0.00497504      0.00691888
    -0.000962528    -0.000495583
      0.00879577      0.00735835
    -0.000598418     -0.00111057
      0.00147866     0.000503661
       0.0228354       0.0281057
      0.00300719      0.00504346
      0.00849308       0.0115368
     0.000525563      0.00393773
     -0.00178088    -0.000577886
     -0.00208162     9.51912e-05
      0.00423736      0.00379554
    -0.000776118    -0.000691065
     1.96382e-05    -1.18022e-05
     -0.00384708     -0.00446492
     -0.00378621     -0.00409948
     -0.00517576      -0.0055681
    -1.51788e-05      0.00145824
     -0.00231001     -0.00193624
     -0.00280983     -0.00207137
      0.00257544       0.0040439
     -0.00178956     -0.00166053
     -0.00153138    -0.000989735
      0.00176278      0.00192616
      0.00388111      0.00413869
      0.00869028      0.00616028
       0.0012747     0.000660088
       0.0034558      0.00207103
      0.00504173     0.000412407
    -0.000531309     -0.00209202
      0.00077366     -0.00208278
     -0.00142174      0.00129113
     -0.00333195     -0.00231428
     -0.00421759     -0.00263001
    -0.000210481     -0.00102874
     -0.00281269     -0.00283581
      0.00252629      0.00106155
     -0.00216786     -0.00262243
      0.00381188      0.00576236
    -0.000637894      0.00011642
     -9.6674e-06      0.00129534
       0.0131164       0.0114184
      0.00206738      0.00177201
      0.00527598      0.00454633
      0.00582735       0.0014479
      -0.0005734     -0.00210825
     0.000785219     -0.00191179
      0.00648156      0.00913657
    -0.000416929     0.000326522
     0.000701726      0.00206146
      0.00786033       0.0137403
      0.00212358      0.00429175
       0.0037867      0.00748124
      0.00595448      0.00655095
     0.000548505     0.000526183
      0.00190641      0.00204267
      0.00287462      0.00337656
    -0.000793542    -0.000975695
    -0.000235766    -0.000245037
     -0.00549983     -0.00694217
     -0.00240284     -0.00366532
     -0.00379956     -0.00506661
     -0.00465005     -0.00619689
     -0.00177483     -0.00329855
     -0.00358506      -0.0050273
     -0.00423447     -0.00599571
       0.0104857       0.0144495
      0.00288956      0.00454177
       0.0052841      0.00790686
      0.00655161      0.00679833
     0.000649809     0.000647835
      0.00216206       0.0022146
      0.00645296        0.004889
     0.000386507    -0.000341312
      0.00194205     0.000785725
      0.00890865       0.0141566
       0.0085562      0.00817593
      0.00155921      0.00119012
      0.00363371      0.00314221
      0.00544621      0.00444402
     0.000188689     -0.00051175
       0.0014653     0.000504108
     -0.00217066     -0.00317327
     -0.00412939     -0.00537288
     -0.00511177     -0.00664356
       0.0010226      0.00194066
     0.000746488      0.00136866
     0.000600885       0.0010324
     0.000478786     0.000789518
    -0.000293176    -0.000400067
    -7.93231e-05    -0.000115912
     2.47223e-05     2.32635e-05
     5.60739e-05     6.98261e-05
     3.43267e-05     4.91226e-05
      0.00440735      0.00327708
      0.00209115      0.00165113
      0.00121133     0.000998884
     0.000764061     0.000650026
     0.000136733     0.000127371
     -0.00448773     -0.00489592
      0.00608736       0.0106538
     -0.00590043     -0.00498133
     -0.00725758     -0.00751474
     -0.00265926     -0.00305406
     -0.00165882     -0.00199698
     -0.00110052     -0.00137799
    -0.000258173    -0.000360038
    -0.000922075    -0.000839496
    -0.000475124    -0.000468919
    -0.000246002    -0.000260632
    -1.56383e-05     -2.5996e-05
     -0.00276584     -0.00319012
     -0.00166656     -0.00201393
     -0.00105496     -0.00132668
    -0.000706743    -0.000918555
    -0.000168092    -0.000240189
      0.00121539     0.000641126
     0.000689392     0.000348448
     0.000438385     0.000226326
      0.00029062     0.000152584
      5.3386e-05     2.56931e-05
    -0.000652059    -0.000680531
    -0.000396655    -0.000444183
    -0.000242325     -0.00028995
    -0.000157567    -0.000199756
     -0.00234955     -0.00315006
     -0.00148567     -0.00205437
    -0.000970243     -0.00137914
     -0.00066813    -0.000969334
     0.000897814      0.00194196
     0.000688826      0.00134847
     0.000542097     0.000992959
     0.000425689     0.000749667
     0.000144404     0.000237626
     -0.00352458     -0.00447186
     -0.00437261     -0.00564957
     -0.00565009     -0.00712729
    -2.31715e-05      0.00121336
     -0.00266587     -0.00227282
      0.00650783      0.00876299
     -0.00141777      0.00112441
     -0.00247312     -0.00184268
      -0.0031218     -0.00349867
      0.00566962      0.00589951
     -0.00053656    -0.000550088
      0.00053198      0.00053446
      0.00250438      0.00447639
      0.00445378      0.00777385
     0.000120187     -0.00241173
     -0.00292018     -0.00459093
     -0.00306336      -0.0053788
       0.0113015       0.0150915
     -0.00288317     -0.00379438
     -0.00260279      -0.0037173
       0.0002164    -0.000768152
      0.00298212      0.00512541
      0.00459496      0.00620326
     0.000857492       0.0037683
      0.00517582      0.00898994
      0.00485725      0.00891809
      0.00706144        0.010169
      0.00215354      0.00383943
     -0.00396879     -0.00653145
      -0.0048654     -0.00683466
        0.013343       0.0158821
     0.000950742      0.00229717
      0.00348597      0.00707622
      0.00474856      0.00640386
     -0.00430922     -0.00272389
     -0.00539162     -0.00592425
      -0.0023216     -0.00125766
       0.0271019       0.0209934
       0.0106764       0.0124097
        0.024993       0.0242558
      0.00692605      0.00586826
       0.0201386        0.026542
      0.00282648      0.00428171
       0.0183575       0.0259806
      0.00239397      0.00411755
      0.00228392      0.00189838
     -0.00165627     -0.00257165
       0.0229622        0.021613
    -7.29679e-06      0.00156638
      0.00109152       0.0029605
     -0.00070134     -0.00204665
      0.00898036      0.00474911
     0.000697853     -0.00096744
      0.00298603     0.000183467
      0.00543561       0.0121164
      0.00203557      0.00243634
    -0.000476367     0.000597353
     -0.00179585     -0.00277856
      0.00832226       0.0114447
      0.00734489      0.00575589
     0.000184176     -0.00234027
      0.00417735      0.00579367
      0.00838685      0.00737767
       0.0017114      0.00140683
      0.00372504      0.00314467
     0.000696063      0.00321232
      -0.0024099    -0.000788477
      0.00309162       0.0010487
     -0.00177688     -0.00396271
     -0.00367843     -0.00218963
     -0.00522333     -0.00587799
     0.000630099    -0.000151158
     0.000735186     -0.00298285
     -0.00320808     -0.00541756
     -0.00292845      -0.0038346
     -0.00166767     -0.00373212
     -0.00385802     -0.00565548
     -0.00441823     -0.00668366
     -0.00304227     -0.00387714
     -0.00166504    -0.000547969
     -0.00222794     -0.00202686
     -0.00295777     -0.00235413
     -0.00215332      0.00053305
     -0.00203189     -0.00130597
     -0.00298533     -0.00140849
      0.00154543       0.0064292
    -0.000447451      0.00132661
    -0.000460643      0.00270017
     -0.00425961     -0.00619438
      0.00799258      0.00413889
    -2.42263e-05    -0.000565592
      0.00380075      0.00465858
      1.0994e-05     0.000238904
     0.000743606      0.00124761
      0.00175216      0.00244478
     -0.00374898     -0.00496377
     -6.5684e-06     0.000538479
    -0.000773589    -0.000778456
     0.000159652      0.00231189
     -0.00153362    -0.000777602
     -0.00179436     -0.00038844
     7.39615e-05      0.00136976
      0.00272173     -0.00260768
     -0.00181696     -0.00518405
     -0.00195265     -0.00404096
      -0.0042936     -0.00556384
     -0.00539926     -0.00716689
      0.00284323    -0.000765054
     -0.00254328     -0.00404883
     -0.00237286     -0.00478352
    -0.000292995     0.000903753
     -0.00338046     -0.00317844
     -0.00414359     -0.00360593
      0.00764844      0.00637576
       0.0301043       0.0282183
     -0.00183654     -0.00373104
     -0.00136715     -0.00447037
      0.00536067      0.00323652
    -0.000367032     -0.00153399
     0.000859678    -0.000808718
      0.00818205      0.00707788
     0.000668724     0.000281078
      0.00265162      0.00194631
      -0.0021042      0.00117876
     -0.00318944     -0.00451898
     -0.00364725     -0.00448612
     -0.00472916     -0.00584494
     -0.00395644     -0.00399087
     -0.00356254     -0.00400842
     -0.00494968     -0.00531571
      -0.0006978     0.000238573
     -0.00239599     -0.00207444
     -0.00289804     -0.00232196
       0.0142809      0.00980314
      0.00398709      0.00161031
        0.016302       0.0213855
      0.00265164      0.00444228
      0.00650354      0.00936949
       0.0108473        0.011462
       0.0110919       0.0147203
      0.00156122      0.00311954
      0.00409218      0.00637255
      0.00893224        0.016121
     0.000677919      0.00298439
      0.00246285      0.00644325
       0.0153401       0.0146828
      0.00202002      0.00185467
       0.0057445      0.00536977
      0.00130831      0.00145877
        0.003758      0.00386837
      0.00473741      0.00450057
     -0.00104407      -0.0010244
     1.35501e-05    -0.000158825
       0.0154553       0.0134734
      0.00123096        0.001078
      0.00496942      0.00429444
      0.00211463    -0.000360535
     -0.00213578     -0.00377607
     -0.00172567     -0.00397738
     0.000644201     -0.00107327
     -0.00248017     -0.00387493
     -0.00251466     -0.00433847
      0.00281286    -0.000365255
     -0.00209601     -0.00386436
     -0.00145653     -0.00404434
     -0.00274467      -0.0060426
      0.00143996      0.00255001
    -0.000951485     -0.00209819
     -0.00306369     -0.00622445
     -0.00801648     -0.00804345
     0.000225858      -0.0018376
      0.00284227    -8.38036e-05
     -0.00184618     -0.00309508
     -0.00127116     -0.00328703
      0.00111092     9.09583e-05
     -0.00182099      -0.0029796
      0.00199659    -0.000333015
     -0.00206622     -0.00318583
     -0.00174026     -0.00345826
    -0.000203055     -0.00181676
     -0.00259933     -0.00352679
      -0.0029016     -0.00422454
      0.00130404     0.000855562
      0.00254672      0.00434448
     -0.00228187     -0.00170056
      0.00291638      0.00344802
     -0.00226528     -0.00219221
     -0.00217954      -0.0019408
      0.00617852      0.00458163
     -0.00121522     -0.00173889
     -0.00022745     -0.00113835
     -0.00190013     -0.00305365
     -0.00419851     -0.00503934
     -0.00530702     -0.00642494
       1.796e-05    -0.000991807
     -0.00346154     -0.00419716
     -0.00409834      -0.0050368
      0.00197474     -0.00317714
     -0.00299369     -0.00512986
     -0.00300081     -0.00646129
      0.00735208      0.00899408
      0.00114276      0.00148337
      0.00273552      0.00354477
      0.00985147      0.00851251
      0.00151691      0.00119635
       0.0039177      0.00317214
      0.00531266      0.00373883
    -5.03317e-05    -0.000640171
      0.00111814     6.04371e-05
      0.00141997      0.00270748
     -0.00121771     -0.00104381
     -0.00121516    -0.000651297
     -0.00257069     -0.00440907
     -0.00344423     -0.00428115
     -0.00434142     -0.00565815
    -1.23996e-05     -0.00207214
     -0.00236324     -0.00332422
     -0.00259401      -0.0040891
     -0.00336269     -0.00448512
     -0.00342451     -0.00441568
     -0.00459591     -0.00577533
      0.00407651      0.00605408
    -0.000255857     0.000417838
     0.000472663       0.0016769
      0.00850843      0.00823024
      0.00114892     0.000922889
      0.00315109      0.00285521
       0.0116594       0.0105251
      0.00196772      0.00147256
      0.00481865      0.00405862
     0.000281223    -0.000252164
     -0.00221164     -0.00273916
     -0.00236337     -0.00297658
      0.00275339      0.00402566
      0.00507436      0.00725189
      0.00764716       0.0118877
      0.00194768      0.00358288
      0.00358373      0.00638615
      0.00857412       0.0106858
      0.00211387      0.00292944
      0.00406977      0.00547191
      0.00460758      0.00837638
     0.000836678      0.00208216
      0.00165799      0.00399673
     -0.00180433     0.000894252
     -0.00217544     -0.00128689
     -0.00299172     -0.00127839
      0.00247167      0.00372542
    -0.000356107    -7.76043e-05
      -2.984e-06      0.00068226
     -0.00408486     -0.00263553
     -0.00307666     -0.00280176
     -0.00449467       -0.003696
      0.00643365       0.0110898
       0.0014564      0.00329787
      0.00275646      0.00586485
       0.0100231         0.01172
      0.00259032      0.00360673
      0.00494963      0.00635365
      0.00697808      0.00894326
      0.00139907      0.00237158
      0.00293897      0.00441399
      0.00248585      0.00696224
    -0.000245181      0.00148329
     1.85486e-05      0.00299631
      0.00288035      0.00301041
    -0.000666575    -0.000477746
    -0.000113002     0.000113051
      0.00380493      0.00466985
    -0.000110826     0.000269608
     0.000643604      0.00128341
     2.84741e-05      0.00086394
     -0.00164471     -0.00150286
     -0.00190228     -0.00145443
      0.00634248       0.0103452
      0.00134432      0.00311534
       0.0026478      0.00547067
      0.00919436       0.0111307
      0.00235339      0.00325751
      0.00447424      0.00588214
      0.00812918       0.0103947
      0.00186752      0.00280977
      0.00370459      0.00525989
       0.0039126      0.00446156
    -6.61024e-05     0.000192317
     0.000727385      0.00115029
      0.00455051      0.00878478
     0.000449603      0.00191329
      0.00129052      0.00391231
      0.00698603       0.0104437
      0.00138327      0.00257789
      0.00290478      0.00500295
      0.00344371       0.0084369
      0.00012605      0.00179853
     0.000642535      0.00369655
      0.00609325       0.0101417
      0.00110204       0.0024738
      0.00236183        0.004812
      0.00670904       0.0103782
      0.00130331      0.00255406
      0.00274499      0.00496067
      0.00213205     -0.00238448
       0.0024853      0.00255841
    -0.000331586    -0.000269667
      0.00809035      0.00920373
      0.00362426       0.0045692
      0.00453594      0.00301727
      0.00100097     6.63229e-05
       0.0039615      0.00667094
     0.000820639       0.0028224
    -0.000850919     -0.00196505
    -0.000601227     -0.00134842
    -0.000309523    -0.000680543
     -0.00010426    -0.000207395
     0.000717221      0.00178128
     0.000613411      0.00129853
     0.000535697     0.000998057
     0.000443896     0.000771233
     0.000156433     0.000249257
      0.00120907      0.00312785
      0.00104795      0.00233241
     0.000900115      0.00179295
     0.000745786       0.0013901
     0.000276995     0.000464426
     -0.00210195      -0.0028703
     -0.00132056     -0.00186466
    -0.000859755     -0.00125606
    -0.000591347    -0.000887043
    -0.000157164    -0.000248142
     0.000943488      0.00194487
     0.000682418      0.00135495
     0.000557227      0.00101902
     0.000449714      0.00077923
     0.000155083      0.00024896
     -0.00406536     -0.00468327
     -0.00243305     -0.00291348
     -0.00152883     -0.00188679
     -0.00101915     -0.00128769
    -0.000237816    -0.000321457
     -0.00173572      -0.0017111
    -0.000926335    -0.000943625
     -0.00050479    -0.000530485
    -0.000294139    -0.000318418
      -4.448e-05    -5.42936e-05
      0.00421286      0.00264607
      0.00193632      0.00121691
      0.00108783     0.000684955
      0.00066485     0.000415054
     9.85007e-05     5.11341e-05
     -0.00269971     -0.00356261
     -0.00167888     -0.00231738
     -0.00109817     -0.00157026
    -0.000759182     -0.00111391
    -0.000201806    -0.000312997
     -0.00201478    -0.000582453
     -0.00095755    -7.94668e-05
    -0.000432914     0.000136101
    -0.000185135     0.000203477
      3.4672e-05     0.000132797
      0.00106278     0.000862005
     0.000648478     0.000569137
     0.000442547     0.000414386
     0.000314049     0.000308494
      0.00081098     0.000617925
     0.000517618     0.000375198
      0.00036356     0.000258708
     0.000259762     0.000182078
     5.81846e-05     3.66586e-05
     0.000695748      0.00147663
     0.000499234      0.00104518
     0.000414846     0.000798927
     0.000339483     0.000617973
     0.000121316      0.00020328
     0.000346541     0.000405449
     0.000291676     0.000334569
     0.000232753     0.000267624
     7.14356e-05     8.63308e-05
     -0.00241962     -0.00408948
     -0.00151514     -0.00257634
    -0.000995067     -0.00170202
    -0.000115342      0.00119256
     8.18562e-05     0.000881807
     0.000154534     0.000681131
     0.000165738     0.000531484
     8.73314e-05     0.000182182
     -0.00399649     -0.00463979
     -0.00237675     -0.00289453
     -0.00148866     -0.00189373
    -0.000992633     -0.00130815
    -0.000238601    -0.000344058
      0.00201677      0.00286262
      0.00136083      0.00195861
     0.000973531      0.00140998
     0.000717364       0.0010451
     0.000211281     0.000316422
     -0.00245457     -0.00318568
     -0.00153656     -0.00207299
    -0.000997625     -0.00138963
    -0.000684035    -0.000975624
    -0.000177326    -0.000266474
     -0.00205236     -0.00174789
     -0.00113321    -0.000959377
    -0.000634952    -0.000536421
    -0.000234314    -0.000198423
    -5.41389e-05    -4.57342e-05
     -0.00251835     -0.00237766
    -0.000862216    -0.000890582
    -0.000544512    -0.000589184
    -0.000109442    -0.000137716
      0.00114215      0.00243701
     0.000851489      0.00170218
     0.000692765      0.00127536
     0.000556391     0.000972779
     0.000191172     0.000311041
     -0.00326561     -0.00186787
     -0.00165597     -0.00261126
     -0.00184648     -0.00216346
     -0.00120051      -0.0013891
    -0.000779074    -0.000911701
    -0.000526837    -0.000626499
    -0.000124976    -0.000157218
      0.00599137       0.0120896
      -0.0024279     -0.00379721
     -0.00160789     -0.00254358
     -0.00109555     -0.00175578
    -0.000579393    -0.000939976
     -0.00022583    -0.000366597
     -0.00179905     -0.00226983
    -0.000195162    -0.000323734
     -0.00289531     -0.00262773
     -0.00169785     -0.00154785
      -0.0010298    -0.000946069
    -0.000125136    -0.000120794
    -0.000812224     -0.00173948
    -0.000575054     -0.00117809
    -0.000392279    -0.000811282
    -0.000281735    -0.000585152
    -9.18108e-05    -0.000179103
      0.00232308      0.00410076
      0.00167187      0.00283548
      0.00124838      0.00206304
     0.000949271      0.00154454
     0.000305493     0.000483879
        0.043725       0.0457052
      0.00936628       0.0111523
     -0.00113605      -0.0015049
    -0.000741955     -0.00102777
     -0.00051185    -0.000733916
    -0.000137504    -0.000211946
    -0.000559881    -0.000742043
     -0.00801709      -0.0080426
     -0.00788292     -0.00785774
     -0.00795656     -0.00803736
     -0.00795864      -0.0079379
      -0.0080043     -0.00799761
     -0.00801563     -0.00801922
     -0.00801808     -0.00804074
      -0.0080192     -0.00803505
     -0.00801226     -0.00804671
     -0.00801004     -0.00804758
     -0.00800881     -0.00804794
     -0.00801502     -0.00804493
     -0.00800313      -0.0080487
      0.00681098       0.0122727
     -0.00555669     -0.00435529
     -0.00715911     -0.00653566
     -0.00781863     -0.00754911
     -0.00789705     -0.00785406
     -0.00783404     -0.00785028
     -0.00780952     -0.00784118
     -0.00772095     -0.00779529
     -0.00742139      -0.0075826
       -0.006633     -0.00690786
      -0.0057738     -0.00611347
     -0.00342389     -0.00382396
     -0.00446304      -0.0048529
     -0.00800776     -0.00815903
      0.00330379      0.00492681
       0.0760298       0.0631029
      0.00737816      0.00532354
       0.0127607       0.0178072
     0.000180639      0.00111349
       0.0155696       0.0226976
      0.00125483      0.00315429
     -0.00301271    -2.69056e-05
     -0.00438312     -0.00374019
    -0.000451526      0.00201198
     -0.00345677     -0.00291856
      0.00834344       0.0115045
       0.0107125       0.0164979
      0.00987051         0.01634
       0.0075716        0.010495
      0.00453989      0.00611739
      0.00801145      0.00980134
      0.00663013       0.0101682
      0.00327738       0.0054832
     -0.00685141     -0.00721557
      -0.0071964     -0.00729594
      0.00844713      0.00888614
       0.0262791        0.019586
      -0.0012366     -0.00222659
    -0.000719035     -0.00206536
      0.00394022      0.00823571
      0.00929151      0.00932423
     -0.00386103     -0.00063398
      0.00219029       0.0052289
      0.00273566      0.00384075
      0.00064052      0.00461826
       0.0047242      0.00830839
       0.0030544      0.00414908
     -0.00285477     -0.00239183
      0.00174506    -0.000824281
        0.003799      0.00568032
      0.00376798      0.00564409
     -0.00464403     -0.00260641
      0.00140465      0.00075241
     -0.00487654     -0.00438009
     -0.00588699     -0.00450884
     -0.00480696     -0.00669249
     -0.00288215     -0.00447204
     -0.00298519     -0.00468394
     -0.00116305     -0.00226685
     -0.00428686     -0.00314268
     -0.00439296     -0.00578792
      0.00549553      0.00906205
     -0.00303011     -0.00415999
       0.0050164      0.00895398
      -0.0030606      -0.0041567
     -0.00339264     -0.00426106
      0.00505998      0.00363914
     -0.00693196      -0.0076089
     -0.00568401     -0.00667481
     0.000648091     -0.00142965
     -0.00571858     -0.00576099
     -0.00363754     -0.00392611
     -0.00675396     -0.00690971
     0.000200722    -2.98816e-05
       0.0248025       0.0156243
       0.0104162       0.0100419
       0.0251306       0.0169054
       0.0119279       0.0130756
     0.000499738      0.00184354
     -0.00437666     -0.00287008
      0.00782889      0.00666727
      0.00297419      0.00507984
      0.00576958      0.00784538
    -0.000532129     0.000561966
     0.000483732      0.00202889
      0.00612149       0.0065226
     -0.00805794     -0.00817067
     -0.00804447     -0.00817058
     -0.00802769     -0.00816664
     -0.00667068     -0.00724458
     -0.00674317     -0.00725809
     -0.00682112     -0.00734255
     -0.00633751      -0.0071224
     -0.00596469     -0.00524403
     -0.00698664     -0.00741226
     -0.00734037     -0.00817946
     -0.00707905      -0.0082889
     -0.00737388      -0.0081726
     -0.00735419     -0.00799319
     -0.00675391     -0.00744168
     -0.00752061     -0.00822363
     -0.00751567     -0.00671722
     -0.00685488       -0.008267
      -0.0071789     -0.00818623
     -0.00691701     -0.00713825
     -0.00680797     -0.00783995
     -0.00688655     -0.00734876
     -0.00615614     -0.00569478
     -0.00666001     -0.00765577
     -0.00719473     -0.00818595
     -0.00780153     -0.00826216
     -0.00676868     -0.00782232
     -0.00583694     -0.00613546
     -0.00770398     -0.00801822
     -0.00318304     -0.00332249
     -0.00729653     -0.00778264
     -0.00713977      -0.0068341
     -0.00668065     -0.00491687
     -0.00725107     -0.00694781
     -0.00732559     -0.00791581
     -0.00703713     -0.00771789
     -0.00701804     -0.00707613
     -0.00669388     -0.00541391
     -0.00801741     -0.00802067
     -0.00775778     -0.00823046
     -0.00731104     -0.00732261
     -0.00708072     -0.00602063
     -0.00636423     -0.00378593
      -0.0078263     -0.00771664
      -0.0076107     -0.00805859
     -0.00702294     -0.00614215
     -0.00639138      -0.0040438
     -0.00736103     -0.00689762
     -0.00728208     -0.00760472
     -0.00696659     -0.00724242
     -0.00694111     -0.00649515
     -0.00652892      -0.0047708
      -0.0068631      -0.0058113
     -0.00700879     -0.00702469
     -0.00660459     -0.00695063
     -0.00668823     -0.00719975
     -0.00689883     -0.00716092
     -0.00665088     -0.00726555
     -0.00683764     -0.00735047
      -0.0064542     -0.00719022
     -0.00645846       -0.007023
     -0.00665042      -0.0073847
     -0.00671068     -0.00722973
     -0.00642095     -0.00654997
     -0.00639627     -0.00695692
     -0.00605216     -0.00669174
     -0.00513384     -0.00703674
     -0.00649298     -0.00679959
     -0.00679069     -0.00752824
     -0.00670849     -0.00744688
     -0.00667912     -0.00734455
     -0.00666314     -0.00725324
     -0.00667207     -0.00736394
     -0.00666117     -0.00733108
     -0.00650403     -0.00702731
     -0.00653589     -0.00718217
     -0.00655364     -0.00706654
     -0.00679239     -0.00725053
     -0.00667996     -0.00724375
     -0.00664541     -0.00735804
     -0.00646333      -0.0073769
     -0.00664554     -0.00768092
     -0.00654007     -0.00708796
     -0.00628699     -0.00582659
     -0.00636878     -0.00731564
     -0.00638191     -0.00628544
     -0.00608071     -0.00654312
     -0.00634075     -0.00600825
     -0.00635395      -0.0075472
     -0.00694782     -0.00773369
     -0.00641191     -0.00657955
     -0.00603268     -0.00603906
      -0.0075132     -0.00826719
     -0.00758761     -0.00829391
     -0.00752035      -0.0082793
     -0.00762955     -0.00828459
     -0.00748009      -0.0083489
     -0.00750061     -0.00814393
      -0.0074718     -0.00817909
     -0.00763408     -0.00816271
     -0.00758208     -0.00831428
     -0.00755727     -0.00807929
     -0.00752319     -0.00830438
     -0.00753862     -0.00833554
     -0.00740042      -0.0080604
     -0.00746662      -0.0082956
     -0.00739896      -0.0079458
     -0.00742532      -0.0082246
     -0.00750234     -0.00812261
     -0.00769896     -0.00820777
      -0.0071327     -0.00810863
     -0.00748693     -0.00817419
     -0.00744214     -0.00795156
     -0.00732403     -0.00694462
     -0.00740241     -0.00804045
     -0.00724976     -0.00755906
     -0.00722567     -0.00824335
     -0.00761345     -0.00821959
     -0.00765233     -0.00829672
     -0.00757737     -0.00829348
     -0.00721385     -0.00742244
     -0.00700964     -0.00730927
     -0.00746666     -0.00825057
     -0.00727576     -0.00815622
     -0.00728349     -0.00822252
     -0.00716002     -0.00797866
     -0.00724421     -0.00817733
     -0.00776245     -0.00735125
     -0.00740273     -0.00831847
     -0.00738149     -0.00788923
     -0.00441836     -0.00533847
      -0.0033928     -0.00422902
     -0.00569971     -0.00705164
     -0.00587137     -0.00702925
     -0.00507341     -0.00547147
     -0.00450416     -0.00521556
      -0.0052664     -0.00463305
     -0.00455041      -0.0031718
     -0.00445369     -0.00247024
     -0.00418125    -0.000493176
     -0.00527182     -0.00401113
     -0.00500921     -0.00444408
     -0.00431876     -0.00312135
     -0.00430089     -0.00256375
     -0.00410545    -0.000696386
     -0.00471041     -0.00323117
      -0.0044513     -0.00395523
     -0.00385385     -0.00301988
     -0.00403686     -0.00286117
     -0.00402556     -0.00129983
      -0.0052311     -0.00459072
      -0.0045186     -0.00276498
      -0.0044556     -0.00171661
     -0.00381212     0.000790576
     -0.00499546     -0.00436235
      -0.0043214      -0.0018685
     -0.00380789     0.000445387
     -0.00448372     -0.00376143
     -0.00388916      -0.0026413
     -0.00409174     -0.00231601
     -0.00390754    -0.000533722
     -0.00430079     -0.00194569
     -0.00560332     -0.00653782
     -0.00460162     -0.00547969
     -0.00440757     -0.00502638
     -0.00458536     -0.00501279
     -0.00423144     -0.00497584
     -0.00465755     -0.00550586
     -0.00418562     -0.00493655
     -0.00470219     -0.00656199
     -0.00436777      -0.0054728
     -0.00432644     -0.00483317
     -0.00415883     -0.00428469
     -0.00453048     -0.00528923
     -0.00486036     -0.00621689
     -0.00395026     -0.00502086
     -0.00447977      -0.0061272
      -0.0041817     -0.00474741
     -0.00480866     -0.00586754
     -0.00440312      -0.0045008
     -0.00424482      -0.0042438
     -0.00440275     -0.00593717
     -0.00456986     -0.00516352
     -0.00422993     -0.00381073
     -0.00418193     -0.00520037
     -0.00433174     -0.00491392
     -0.00455436     -0.00647178
     -0.00382493     -0.00388996
     -0.00425636     -0.00463714
     -0.00413954     -0.00481277
     -0.00388367     -0.00422023
      0.00202125      0.00182326
     -0.00372181     -0.00381176
     -0.00373167     -0.00411062
     -0.00400381      -0.0045937
     -0.00390724     -0.00472882
     -0.00610795     -0.00794253
     -0.00525158     -0.00305425
     -0.00324016     -0.00446358
      -0.0041504     -0.00453037
     -0.00396791     -0.00677305
      -0.0029342     -0.00400703
     -0.00394819     -0.00555632
     -0.00448641     -0.00494695
     -0.00444427     -0.00518482
     -0.00451099     -0.00675989
     -0.00642909      -0.0080386
     -0.00607977     -0.00484952
     -0.00466566     -0.00562938
      -0.0037976      -0.0046869
     -0.00665077     -0.00735618
     -0.00579076     -0.00648721
     -0.00641024     -0.00690543
     -0.00511678      -0.0023687
     -0.00391576     -0.00445181
     -0.00251024     -0.00368416
      -0.0039241     -0.00390416
     -0.00351628       -0.003576
    -8.55572e-05    -0.000568828
     0.000552906    -8.21294e-05
     0.000146958    -0.000473661
     -0.00230459     -0.00227899
      -0.0023025     -0.00216078
     -0.00613081     -0.00747114
     -0.00589194     -0.00725516
     -0.00611326     -0.00734842
     -0.00560491         -0.0073
     -0.00421562     -0.00674524
     -0.00576176     -0.00616757
     -0.00191547     -0.00223368
     -0.00120441     -0.00139669
    -0.000702234    -0.000892106
    -0.000341573    -0.000893327
    -0.000588259     -0.00109726
    -0.000632639     -0.00135757
    -0.000742927     -0.00172899
     -0.00122798     -0.00107188
     -0.00195112     -0.00196612
     -0.00211488     -0.00220337
     -0.00104197     -0.00109425
    -0.000828324      -0.0012332
     -0.00147122     -0.00177826
     -0.00192157     -0.00237221
     -0.00107773     -0.00140995
     -0.00289581     -0.00343799
     -0.00286854     -0.00377865
      -0.0024075     -0.00342869
      -0.0024279     -0.00335255
     -0.00177699     -0.00295992
      -0.0017014     -0.00296281
      -0.0021815     -0.00373222
     -0.00175626      -0.0032532
     -0.00172191     -0.00337496
     -0.00159717     -0.00312667
      -0.0020201     -0.00433247
      -0.0021937     -0.00435148
     -0.00205519     -0.00412517
     -0.00185653     -0.00371354
     -0.00154344     -0.00339428
     -0.00120113     -0.00324557
     -0.00105965     -0.00326249
    -0.000409303     -0.00230806
    -0.000471561     -0.00243711
    -0.000191264     -0.00212547
      -0.0022141     -0.00426618
     -0.00239271     -0.00450717
     -0.00236616     -0.00459419
     -0.00198608     -0.00430247
     -0.00181337     -0.00424285
     -0.00167982     -0.00386833
      -0.0018937     -0.00398959
      -0.0024291     -0.00432044
     -0.00111447      -0.0029253
     -0.00212462     -0.00406157
     -0.00266775      -0.0044347
     -0.00322695     -0.00526036
     -0.00364785     -0.00584113
      -0.0035307      -0.0057895
     -0.00352499     -0.00555489
     -0.00406517     -0.00600985
     -0.00433182     -0.00621014
      -0.0041112     -0.00602574
     -0.00413436     -0.00616208
     -0.00388774     -0.00610284
     -0.00319467     -0.00560695
     -0.00257812      -0.0047797
     -0.00353075     -0.00552544
     -0.00305223     -0.00489782
     -0.00276779     -0.00499037
     -0.00344533     -0.00533035
     -0.00282267     -0.00501661
     -0.00345517     -0.00599418
     -0.00407502     -0.00663878
       -0.005528     -0.00743846
      0.00147965     0.000938149
     0.000507954    -0.000168195
     0.000648562    -0.000214229
     0.000992479     0.000121369
      0.00169572     0.000667834
     0.000676679    -0.000180021
      0.00196201      0.00141263
      0.00158602      0.00101474
     0.000685743     6.95445e-05
    -0.000167758      -0.0010187
