QM Energy	FF Energy
     -1.5194e-05    -1.82838e-05
     -1.1179e-05    -1.54051e-05
    -0.000892522    -0.000822269
     -0.00113967     -0.00111233
     -0.00130652     -0.00116767
     -8.4184e-05    -9.42398e-05
    -0.000869233    -0.000768564
     -4.5652e-05    -4.21591e-05
    -0.000374312    -0.000372981
     -2.6889e-05    -2.71924e-05
     -0.00106074     -0.00104856
    -0.000997614    -0.000922395
    -0.000622291    -0.000645101
    -0.000235122    -0.000232821
     -0.00100718    -0.000853976
    -0.000300309    -0.000342185
      -0.0010322     -0.00099865
     -2.7495e-05    -3.54282e-05
     -2.3342e-05    -2.51123e-05
      -7.195e-06    -9.11691e-06
     -0.00173429     -0.00158248
    -0.000600614    -0.000612491
    -0.000823903    -0.000779164
    -0.000266383    -0.000234215
     -3.1235e-05    -3.61232e-05
    -0.000382054    -0.000388452
    -0.000115447    -0.000132715
     -0.00073494    -0.000743018
    -0.000353191    -0.000360913
    -0.000281066    -0.000312008
     -0.00102793       -0.001011
     -4.0093e-05    -4.58111e-05
    -0.000336554    -0.000339511
    -0.000250012    -0.000253288
     -4.8495e-05    -5.39128e-05
     -6.0644e-05    -6.03579e-05
     -0.00157628     -0.00138748
     -1.1279e-05    -1.76181e-05
    -0.000390706    -0.000384943
     -1.9133e-05    -2.75733e-05
     -2.6366e-05    -2.66834e-05
    -0.000601238    -0.000610229
    -0.000662809     -0.00061425
     -5.0802e-05     -5.6715e-05
    -0.000805978    -0.000830845
     -1.6796e-05     -2.4216e-05
     -7.3568e-05    -6.58813e-05
     -9.1487e-05    -8.32223e-05
     -0.00140272     -0.00129304
    -0.000732355      -0.0007535
     -1.4637e-05    -2.26936e-05
     -3.7663e-05    -5.47957e-05
    -0.000398784    -0.000392235
     -2.3463e-05    -2.68243e-05
     -1.6702e-05    -2.50819e-05
    -0.000198352     -0.00018965
     -9.8847e-05    -0.000116011
      -8.351e-06    -1.10687e-05
     -0.00104711     -0.00101546
      -1.445e-05    -2.06408e-05
    -0.000779262    -0.000699107
      -8.874e-06     -9.8178e-06
     -0.00132682     -0.00114963
      -7.779e-06    -1.14679e-05
    -0.000490357     -0.00045957
     -1.0238e-05    -1.09575e-05
     -4.6777e-05    -5.35067e-05
    -0.000375676    -0.000419761
     -0.00190017      -0.0024835
    -0.000184557    -0.000185937
     -0.00032993    -0.000330899
     -1.5817e-05    -2.20172e-05
     -4.0929e-05    -4.65955e-05
     -1.1171e-05    -1.25916e-05
     -2.1954e-05    -2.75749e-05
     -1.3799e-05    -1.93482e-05
       -4.61e-05    -5.03284e-05
     -1.3448e-05    -1.44805e-05
     -2.2168e-05    -3.15319e-05
    -0.000184872    -0.000181848
    -0.000348093    -0.000317515
     -5.5952e-05    -5.75294e-05
    -0.000899868    -0.000888502
     -0.00123195     -0.00106259
     -7.3251e-05    -7.64608e-05
     -1.1178e-05    -1.48057e-05
      -7.258e-06    -1.10587e-05
      -5.648e-06    -8.14845e-06
    -0.000835966    -0.000765252
      -2.545e-05    -2.82533e-05
      -3.517e-05      -4.524e-05
    -0.000249349    -0.000226499
     -0.00011435    -0.000118832
    -0.000464572     -0.00054272
     -5.8905e-05    -6.10045e-05
      -3.493e-06    -4.20899e-06
    -0.000808273    -0.000778787
     -4.1892e-05    -5.73661e-05
     -5.1524e-05    -6.34489e-05
     -0.00106257     -0.00101653
     -7.1478e-05    -8.24429e-05
     -0.00018092    -0.000186842
     -6.7685e-05    -7.53795e-05
    -0.000160815    -0.000186409
     -0.00165589     -0.00175161
     -4.3862e-05    -5.38497e-05
     -1.3673e-05    -1.36711e-05
      -9.364e-06    -1.05037e-05
    -0.000157843    -0.000192228
      -4.524e-06    -6.91633e-06
    -0.000124417    -0.000160572
      -1.139e-05    -1.47184e-05
      -9.512e-06    -1.11989e-05
    -0.000379288    -0.000362092
      -7.523e-06    -1.14889e-05
    -0.000289569     -0.00028765
    -0.000267603    -0.000320435
     -1.7765e-05    -1.91317e-05
     -8.5811e-05     -9.9877e-05
    -0.000254721      -0.0002574
      -4.851e-06    -7.81354e-06
     -4.4995e-05    -6.19706e-05
     -2.4969e-05    -2.94625e-05
      -2.852e-06    -5.28055e-06
     -0.00020493    -0.000232833
    -0.000100254    -0.000118061
     -8.9385e-05    -9.80207e-05
     -2.3567e-05    -3.18005e-05
     -3.1151e-05    -2.99677e-05
    -0.000662116    -0.000607278
    -0.000186469    -0.000238164
     -1.8487e-05    -2.51626e-05
     -0.00150487     -0.00140022
     -0.00046243    -0.000465215
    -0.000195075    -0.000209052
      -1.284e-05     -1.2252e-05
     -0.00128234     -0.00119466
    -0.000492946    -0.000467723
     -0.00018775    -0.000201938
     -3.5848e-05    -3.92482e-05
     -0.00172051     -0.00219401
     -4.0985e-05     -5.7546e-05
     -4.6148e-05    -5.03109e-05
    -0.000407935    -0.000387068
     -2.0266e-05    -2.76118e-05
    -0.000106793    -0.000114566
     -2.7511e-05    -2.66725e-05
      -5.937e-06    -9.62513e-06
    -0.000415341    -0.000430051
     -9.5243e-05    -0.000119167
    -0.000532227    -0.000468144
    -0.000191219    -0.000202537
     -2.6706e-05    -3.37907e-05
     -1.6171e-05    -2.44686e-05
    -0.000898787    -0.000883754
     -1.9875e-05    -2.55875e-05
     -5.1544e-05    -5.56644e-05
     -1.7769e-05      -1.914e-05
    -0.000733279    -0.000772461
     -0.00012848    -0.000159539
    -0.000735944    -0.000726425
     -1.3602e-05    -1.46826e-05
    -0.000635825     -0.00060233
     -6.4077e-05    -6.72023e-05
      -6.542e-06    -9.54867e-06
      -4.815e-06    -6.81877e-06
     -0.00052914    -0.000486729
    -0.000168673     -0.00018714
     -0.00062296    -0.000592693
      -7.659e-06    -8.62731e-06
    -0.000112049    -0.000105245
      -9.509e-06    -1.17427e-05
     -2.6982e-05    -3.30188e-05
    -0.000126547    -0.000144714
    -0.000845931    -0.000775671
    -0.000562807    -0.000578678
     -1.9162e-05    -2.59934e-05
     -1.3191e-05    -1.50825e-05
     -0.00091067    -0.000886968
     -2.0175e-05    -2.44105e-05
    -0.000326277    -0.000333542
     -0.00113903     -0.00115457
     -2.8695e-05    -3.51337e-05
    -0.000615232    -0.000576303
     -1.9103e-05    -2.42307e-05
     -6.8423e-05    -6.74611e-05
     -0.00087053     -0.00080973
     -8.2257e-05    -0.000114106
     -1.7127e-05    -2.11951e-05
     -5.6766e-05     -6.2972e-05
     -2.5255e-05    -3.25454e-05
     -1.3611e-05    -1.77113e-05
     -3.7987e-05     -4.2702e-05
     -8.3535e-05    -9.89108e-05
     -1.1033e-05    -1.76978e-05
    -0.000126778    -0.000142296
     -0.00125601     -0.00122516
     -0.00146369     -0.00149481
    -0.000911954    -0.000848618
    -0.000178141    -0.000185592
     -5.7352e-05    -6.66825e-05
     -7.7119e-05    -9.35493e-05
     -2.0257e-05    -1.92125e-05
    -0.000111469    -0.000135387
    -0.000228104    -0.000239929
    -0.000230864    -0.000248473
    -0.000280802    -0.000263727
    -0.000301664    -0.000282435
     -1.4616e-05    -1.64865e-05
    -0.000803269    -0.000754418
      -1.475e-05    -1.80389e-05
     -0.00082332    -0.000757331
      -9.002e-06    -1.19624e-05
     -8.5674e-05    -0.000113398
     -1.9588e-05    -3.02285e-05
    -0.000130118     -0.00013228
     -1.0285e-05    -1.29515e-05
     -1.6196e-05    -2.25684e-05
    -0.000136894    -0.000144505
      -8.624e-06    -1.17545e-05
    -0.000713724    -0.000656047
     -6.9178e-05    -7.18164e-05
      -4.161e-05    -5.36406e-05
    -0.000103176    -0.000112915
     -1.6812e-05    -2.06611e-05
     -2.7512e-05    -3.30095e-05
     -2.2649e-05    -2.42733e-05
      -4.367e-05    -4.85164e-05
      -9.134e-06    -1.19109e-05
    -0.000455344    -0.000423094
    -0.000257862    -0.000269788
     -2.6002e-05    -2.95548e-05
    -0.000960821    -0.000882324
     -0.00089736    -0.000902113
    -0.000552729    -0.000512919
      -4.027e-06    -5.30509e-06
      -7.612e-06    -1.05515e-05
     -1.3162e-05    -1.76732e-05
    -0.000245933    -0.000241247
     -0.00116013     -0.00130289
    -0.000139872    -0.000149373
      -5.203e-05    -6.97524e-05
     -1.4033e-05    -1.81515e-05
    -0.000169283    -0.000155835
       -8.54e-06    -9.62532e-06
    -0.000267791    -0.000256021
     -2.3183e-05    -2.87046e-05
    -0.000223289    -0.000213526
     -0.00075673    -0.000735362
     -0.00117319     -0.00116038
    -0.000266965    -0.000250735
    -0.000949051     -0.00090032
     -2.4692e-05    -2.65772e-05
     -3.7004e-05    -4.49133e-05
     -2.9891e-05    -3.78998e-05
    -0.000557151    -0.000508336
    -0.000619877    -0.000591057
     -1.3556e-05    -1.41881e-05
     -3.1037e-05    -3.88395e-05
    -0.000388345    -0.000400078
    -0.000272793    -0.000238481
     -6.7758e-05    -7.30296e-05
      -5.127e-06    -8.00692e-06
    -0.000330426    -0.000342746
    -0.000722856    -0.000798308
     -3.3796e-05    -3.58911e-05
    -0.000828397    -0.000882089
    -0.000318414    -0.000325095
    -0.000169756    -0.000168315
      -0.0010558     -0.00105989
     -2.1214e-05     -2.4153e-05
    -0.000408467    -0.000348219
     -2.1965e-05    -2.88392e-05
      -8.901e-06     -1.0583e-05
     -1.1973e-05    -1.87898e-05
     -3.2192e-05    -3.13884e-05
    -0.000100467    -0.000112705
     -3.6482e-05    -4.51861e-05
    -0.000286266    -0.000262286
    -0.000273611    -0.000280174
      -9.342e-06    -1.17029e-05
     -2.4758e-05    -3.15796e-05
     -1.6133e-05    -1.91545e-05
    -0.000120369    -0.000124205
      -6.523e-06    -8.32128e-06
     -0.00080729     -0.00078255
     -1.1235e-05      -1.208e-05
      -6.816e-06    -9.16953e-06
      -1.776e-05    -1.82136e-05
    -0.000460799    -0.000452333
     -0.00155217     -0.00156251
     -0.00161848     -0.00181898
    -0.000663185    -0.000676313
    -0.000327172    -0.000300292
     -0.00105959    -0.000980494
    -0.000303115    -0.000299949
     -5.4338e-05    -4.87259e-05
     -0.00115264     -0.00113264
     -0.00126032      -0.0012782
    -0.000127504    -0.000140767
     -0.00137824     -0.00121901
     -2.5738e-05    -2.99092e-05
    -0.000256057    -0.000265137
    -0.000267294    -0.000302414
     -5.2879e-05    -5.81049e-05
     -4.2651e-05    -5.33936e-05
      -7.607e-05    -9.41193e-05
     -4.0069e-05    -4.31478e-05
    -0.000906986    -0.000838715
      -7.544e-06    -1.01798e-05
    -0.000379662    -0.000392547
     -0.00011964    -0.000144248
     -3.9247e-05     -5.1439e-05
    -0.000209217     -0.00022331
    -0.000168675     -0.00019249
     -3.6312e-05    -4.22525e-05
     -9.4917e-05     -9.4204e-05
     -1.3577e-05    -1.48589e-05
      -4.102e-05    -4.46102e-05
     -0.00078023    -0.000793017
    -0.000479435    -0.000430639
    -0.000225084    -0.000219221
    -0.000193931     -0.00021815
     -0.00082301    -0.000761346
     -3.1035e-05    -4.40864e-05
     -6.1358e-05    -7.64432e-05
    -0.000238144    -0.000263696
      -8.702e-06    -1.20215e-05
      -4.722e-06    -5.23246e-06
    -0.000372272    -0.000373635
      -1.049e-05     -1.0707e-05
     -1.7863e-05    -2.39429e-05
     -0.00100371    -0.000888015
     -4.7119e-05    -4.83162e-05
     -2.8315e-05    -3.44897e-05
      -9.059e-06     -1.0604e-05
    -0.000381226    -0.000399193
    -0.000103268    -0.000111103
     -4.3136e-05    -4.92084e-05
    -0.000148467    -0.000160847
    -0.000145665     -0.00014315
     -0.00100646    -0.000911959
     -1.1229e-05    -1.60853e-05
     -8.9251e-05    -9.87882e-05
      -0.0012612      -0.0012362
    -0.000590882    -0.000656034
     -1.2277e-05    -1.52172e-05
     -1.5209e-05    -1.85329e-05
    -0.000446136    -0.000444497
    -0.000178463    -0.000188565
      -7.727e-06    -1.04176e-05
     -0.00115892     -0.00107815
     -2.7486e-05    -3.77504e-05
    -0.000198885    -0.000200404
     -1.4657e-05    -1.80327e-05
     -1.4814e-05    -1.65247e-05
    -0.000599378    -0.000590778
    -0.000834301    -0.000765401
     -3.8734e-05    -5.27306e-05
      -9.976e-06    -1.42367e-05
        -3.3e-05    -4.14525e-05
      -7.414e-06    -9.54311e-06
     -7.9109e-05    -7.68069e-05
      -9.942e-06    -1.08205e-05
     -1.2035e-05    -1.61383e-05
    -0.000150677    -0.000173535
     -0.00152125     -0.00145223
      -5.008e-06    -7.75951e-06
    -0.000535047    -0.000578067
    -0.000691408    -0.000652431
    -0.000257744    -0.000233304
      -8.133e-06    -1.05706e-05
     -1.7579e-05    -2.25358e-05
     -4.8522e-05    -6.19952e-05
    -0.000455381     -0.00056579
     -8.0022e-05    -8.41525e-05
     -1.6979e-05    -2.07135e-05
    -0.000855195    -0.000885929
    -0.000248116    -0.000259719
    -0.000310006     -0.00036826
    -0.000244979    -0.000250166
     -4.5162e-05    -6.30591e-05
      -8.625e-06    -1.12579e-05
    -0.000426159    -0.000408069
     -1.8815e-05     -2.3788e-05
    -0.000262728     -0.00026771
     -3.0674e-05    -3.50654e-05
    -0.000121337    -0.000133129
    -0.000173699    -0.000176249
    -0.000274372    -0.000333145
    -0.000107038     -0.00012495
     -0.00023134    -0.000262225
    -0.000355066    -0.000440663
     -3.4977e-05    -4.11138e-05
      -6.435e-05    -7.29437e-05
    -0.000512742    -0.000503178
     -9.4296e-05    -8.76376e-05
    -0.000322626    -0.000374423
    -0.000110548    -0.000148449
    -0.000277427    -0.000313457
    -0.000735434    -0.000638129
    -0.000449444    -0.000417501
     -5.1177e-05    -5.38032e-05
     -1.0226e-05    -1.43685e-05
     -7.5232e-05    -0.000100457
      -8.613e-06    -9.69786e-06
    -0.000129651     -0.00012692
    -0.000892627    -0.000863937
     -4.1799e-05    -4.95293e-05
     -2.3931e-05    -3.50829e-05
    -0.000599197    -0.000629458
     -5.0517e-05    -6.19615e-05
    -0.000271152     -0.00026458
     -6.4775e-05    -8.29807e-05
     -0.00125608     -0.00112556
     -0.00130305     -0.00122798
      -8.038e-06    -1.06046e-05
     -1.8092e-05    -2.41454e-05
    -0.000881766    -0.000821124
     -8.8441e-05    -0.000109619
    -0.000450631    -0.000450885
    -0.000146678    -0.000150233
     -4.4683e-05    -4.75693e-05
     -1.6885e-05    -2.25261e-05
     -8.8071e-05    -9.55409e-05
     -7.9413e-05    -0.000109717
    -0.000430166    -0.000439062
    -0.000560144    -0.000592062
    -0.000257056    -0.000290688
      -8.749e-06     -1.3052e-05
     -9.5275e-05    -9.43018e-05
     -0.00161849     -0.00210869
      -1.652e-05    -2.06204e-05
     -3.6839e-05    -4.57437e-05
    -0.000125424    -0.000132082
    -0.000304902     -0.00026807
     -4.6083e-05     -5.5262e-05
    -0.000732178    -0.000633079
    -0.000770873    -0.000712732
     -9.7375e-05    -9.40732e-05
    -0.000372634    -0.000350338
     -3.2484e-05    -3.95023e-05
     -0.00125541     -0.00118455
     -1.7385e-05    -2.34922e-05
    -0.000193255    -0.000194602
    -0.000658004    -0.000639676
     -3.4971e-05    -4.33518e-05
     -2.5747e-05    -2.81721e-05
    -0.000204037    -0.000193717
    -0.000627559    -0.000591456
    -0.000323492    -0.000314791
     -4.3027e-05    -4.96304e-05
     -2.5263e-05    -2.78504e-05
    -0.000156902    -0.000164197
     -0.00154621     -0.00140529
     -0.00100358     -0.00103844
    -0.000605396    -0.000588687
     -1.9566e-05    -2.52253e-05
    -0.000377791    -0.000392811
     -3.7539e-05    -4.22982e-05
    -0.000106788    -0.000122745
     -2.5043e-05    -3.27046e-05
     -6.4394e-05     -6.7508e-05
    -0.000144571    -0.000140061
     -9.4846e-05    -0.000107915
     -2.2029e-05    -2.83899e-05
     -0.00129284       -0.001155
     -1.1645e-05      -1.653e-05
     -2.8505e-05    -3.82115e-05
     -0.00175854     -0.00180703
     -7.9877e-05    -8.81327e-05
    -0.000128933    -0.000122795
     -2.1756e-05    -2.85047e-05
     -2.1292e-05    -2.20776e-05
    -0.000272869    -0.000258514
    -0.000780916    -0.000663486
     -3.4374e-05     -4.4549e-05
      -9.185e-06    -1.12365e-05
     -2.5676e-05    -2.75794e-05
     -0.00170133     -0.00191976
     -1.5406e-05    -1.99679e-05
     -5.7471e-05    -6.37253e-05
     -0.00149609     -0.00130492
     -3.8916e-05     -4.9872e-05
     -7.4169e-05    -8.31436e-05
    -0.000923163    -0.000866491
      -7.655e-06    -1.12215e-05
      -9.457e-06    -1.04493e-05
    -0.000453842    -0.000469575
    -0.000398805    -0.000381218
      -1.669e-05    -1.68297e-05
    -0.000156494    -0.000175554
     -0.00127644      -0.0012343
     -7.0664e-05    -6.64259e-05
     -1.3885e-05    -1.93123e-05
    -0.000228647    -0.000241182
     -0.00131695     -0.00142345
     -6.1192e-05    -5.94664e-05
     -8.1985e-05     -9.5301e-05
    -0.000370585    -0.000412141
     -3.0285e-05    -3.90963e-05
     -6.8788e-05    -8.47202e-05
    -0.000381451    -0.000397551
     -2.3755e-05    -3.04753e-05
    -0.000938537    -0.000914351
     -5.9658e-05    -6.80441e-05
      -8.211e-06    -1.23189e-05
      -2.378e-05    -3.05405e-05
    -0.000347496    -0.000305897
     -0.00124228     -0.00127503
      -2.665e-06    -4.72836e-06
    -0.000329915    -0.000318388
    -0.000408814    -0.000382026
      -3.648e-06    -5.38695e-06
    -0.000364848     -0.00038486
       -0.001028     -0.00106419
     -3.4203e-05    -4.44088e-05
      -6.612e-05    -6.20032e-05
     -4.0366e-05    -4.81116e-05
     -2.0905e-05    -2.49077e-05
      -7.668e-06    -1.03623e-05
     -1.4825e-05    -1.97522e-05
     -3.5281e-05    -4.90406e-05
     -3.9367e-05    -4.71364e-05
    -0.000339579    -0.000424971
     -9.3983e-05    -0.000122147
     -1.2635e-05    -1.62461e-05
      -8.317e-06    -1.17696e-05
      -3.679e-05    -3.48706e-05
     -2.2996e-05    -3.23596e-05
     -0.00145629     -0.00129749
     -2.4441e-05     -2.6273e-05
    -0.000330899    -0.000321914
      -5.107e-05     -4.8778e-05
    -0.000161634    -0.000162876
    -0.000747841    -0.000693657
    -0.000347278    -0.000390568
    -0.000678247    -0.000719959
    -0.000181979    -0.000216347
       -7.19e-06     -1.1103e-05
      -0.0010564     -0.00097572
     -2.0102e-05    -3.12108e-05
     -1.3192e-05    -1.71611e-05
    -0.000264052     -0.00025864
     -0.00129693     -0.00115533
      -1.838e-05    -2.26694e-05
     -7.4902e-05    -8.65813e-05
     -9.2916e-05     -9.5607e-05
     -1.3818e-05     -1.9281e-05
     -4.0529e-05    -4.57259e-05
     -1.9771e-05    -2.41051e-05
    -0.000312849    -0.000342086
     -4.9237e-05     -6.2347e-05
     -9.4372e-05     -0.00010969
     -7.2538e-05    -7.59359e-05
    -0.000402096    -0.000391472
     -7.1114e-05    -7.78452e-05
     -4.5662e-05    -6.68794e-05
      -8.299e-06    -1.15682e-05
     -1.0038e-05    -1.42009e-05
     -0.00040607    -0.000356521
     -4.5516e-05    -4.90451e-05
    -0.000121261    -0.000136529
    -0.000118595    -0.000139586
     -4.9573e-05    -6.44796e-05
    -0.000148368     -0.00020497
    -0.000127063     -0.00016983
     -2.2274e-05    -2.68385e-05
    -0.000169722    -0.000190024
      -1.255e-05    -1.46883e-05
     -1.6378e-05    -2.36475e-05
     -0.00105159     -0.00105233
      -8.513e-06    -1.10236e-05
    -0.000497658    -0.000480502
    -0.000569953     -0.00058983
    -0.000279147    -0.000288026
      -8.085e-06    -9.34634e-06
     -8.3894e-05    -8.68174e-05
     -1.1407e-05    -1.37331e-05
     -1.3557e-05    -1.74735e-05
     -5.1396e-05    -6.50837e-05
      -0.0015832     -0.00166503
    -0.000802807      -0.0007358
    -0.000126263    -0.000144154
     -0.00107264     -0.00110431
    -0.000188752    -0.000180301
     -1.0349e-05     -1.3417e-05
     -0.00040863    -0.000381938
     -5.0077e-05    -6.06288e-05
     -0.00068703     -0.00069066
     -4.6898e-05    -5.54667e-05
    -0.000201155    -0.000218997
     -1.9215e-05    -2.03016e-05
    -0.000245795    -0.000230821
       -4.58e-05    -5.08877e-05
    -0.000199307    -0.000247822
    -0.000691281    -0.000658809
     -9.0241e-05    -9.37953e-05
    -0.000113548    -0.000130282
    -0.000246947    -0.000247148
     -7.8213e-05    -7.66849e-05
      -2.995e-05    -3.94263e-05
       -3.35e-05    -4.29197e-05
     -7.5866e-05     -9.0253e-05
     -1.1458e-05    -1.68416e-05
     -9.1661e-05    -0.000103202
    -0.000576174    -0.000515694
     -0.00111523    -0.000973424
     -6.0987e-05    -6.02192e-05
    -0.000141324    -0.000127663
    -0.000414661    -0.000388177
    -0.000322708    -0.000374262
     -1.5412e-05     -2.1524e-05
     -1.4951e-05    -1.92497e-05
     -2.9915e-05     -4.2159e-05
     -1.9832e-05    -2.65176e-05
     -2.6741e-05     -3.2478e-05
    -0.000269356    -0.000279105
     -4.0494e-05    -4.73478e-05
     -3.6266e-05    -3.71187e-05
     -9.9085e-05    -9.65904e-05
    -0.000644518    -0.000756547
     -6.0771e-05     -7.3511e-05
     -2.4048e-05    -3.17462e-05
     -3.3234e-05    -3.86663e-05
    -0.000228652    -0.000225417
      -9.036e-06    -1.04215e-05
    -0.000672855    -0.000692578
     -3.7676e-05    -4.54898e-05
     -2.2754e-05    -3.29173e-05
     -1.3882e-05    -1.89387e-05
    -0.000714715    -0.000723198
    -0.000193302    -0.000213218
    -0.000281445     -0.00029785
     -0.00100753    -0.000889688
     -6.0766e-05    -5.99201e-05
     -1.9719e-05    -1.89414e-05
     -2.8616e-05    -3.80678e-05
     -5.7284e-05    -7.02594e-05
     -2.3894e-05    -2.33038e-05
    -0.000125941    -0.000118098
    -0.000554357    -0.000507674
    -0.000339855    -0.000351866
     -0.00115499     -0.00101886
      -3.972e-05    -4.21862e-05
    -0.000967081    -0.000890053
     -0.00012022    -0.000127543
     -0.00039174    -0.000375018
    -0.000222898    -0.000225546
    -0.000391002    -0.000413708
     -6.0449e-05    -6.12103e-05
      -2.522e-06    -4.50296e-06
     -1.1821e-05    -1.50462e-05
     -0.00159089     -0.00143928
    -0.000475758    -0.000498329
    -0.000133767    -0.000164125
     -1.8746e-05    -2.31322e-05
    -0.000404853    -0.000449527
      -9.893e-06    -1.60611e-05
      -9.593e-06    -1.16524e-05
      -0.0017328     -0.00165602
    -0.000151578     -0.00016233
    -0.000443491    -0.000446975
    -0.000364214    -0.000360991
     -0.00111678     -0.00103159
    -0.000513519    -0.000586999
      -6.434e-06    -9.65161e-06
     -3.2796e-05    -3.81791e-05
     -7.1591e-05    -8.53227e-05
    -0.000104831    -0.000114315
     -0.00109309     -0.00107385
     -4.2956e-05    -5.83675e-05
    -0.000269146    -0.000282999
     -1.5679e-05    -1.75194e-05
     -7.0899e-05    -6.82044e-05
     -2.0575e-05    -2.95854e-05
    -0.000166992     -0.00019483
    -0.000108709    -0.000132263
     -0.00029629    -0.000293836
    -0.000479108    -0.000443185
     -1.7269e-05    -2.11899e-05
    -0.000153044    -0.000137462
     -1.7638e-05    -1.99766e-05
     -6.0473e-05    -6.37232e-05
     -0.00141322     -0.00138245
    -0.000290448    -0.000287472
     -0.00159306     -0.00135378
     -1.4864e-05    -2.16265e-05
     -0.00054652    -0.000541541
    -0.000131547    -0.000152059
    -0.000354474    -0.000300094
    -0.000703276    -0.000650991
     -7.8667e-05    -8.70384e-05
    -0.000255202    -0.000295723
     -6.5103e-05    -6.96057e-05
    -0.000120934    -0.000112356
    -0.000537287    -0.000497989
     -2.5426e-05     -3.2782e-05
      -0.0001921    -0.000229387
    -0.000567262    -0.000551738
     -0.00101022    -0.000982101
      -6.807e-05     -7.9321e-05
      -2.508e-05    -2.95698e-05
     -0.00088713    -0.000753862
     -0.00168401      -0.0016335
     -8.7159e-05    -0.000106556
    -0.000113866    -0.000136708
    -0.000119656    -0.000117298
    -0.000829984    -0.000755349
    -0.000397628    -0.000395049
     -4.0237e-05    -3.75491e-05
     -0.00030923    -0.000302123
     -1.6581e-05    -1.62785e-05
    -0.000216618    -0.000238736
     -7.9125e-05    -9.53446e-05
     -1.0359e-05    -1.27191e-05
      -5.125e-05     -5.4144e-05
    -0.000368435     -0.00034794
    -0.000124799    -0.000141942
    -0.000235682    -0.000233933
    -0.000331631    -0.000316824
    -0.000272186    -0.000286855
     -1.3001e-05    -1.85035e-05
     -4.1863e-05    -5.71433e-05
     -6.0917e-05    -5.54436e-05
     -6.7278e-05    -7.55725e-05
    -0.000182408    -0.000190221
    -0.000943734    -0.000938574
     -7.8756e-05    -7.95072e-05
    -0.000506036    -0.000468558
    -0.000127151    -0.000112833
    -0.000703143    -0.000721735
    -0.000614627    -0.000531533
    -0.000333424    -0.000360302
     -0.00118179     -0.00123891
     -0.00148256     -0.00152592
      -0.0013504     -0.00139013
     -5.5343e-05      -5.594e-05
     -5.6078e-05    -6.60844e-05
     -2.1439e-05    -2.72269e-05
     -1.0539e-05    -1.10317e-05
    -0.000142392    -0.000145516
    -0.000222319    -0.000196122
     -2.7975e-05    -3.52043e-05
     -1.0496e-05    -1.56963e-05
     -9.1115e-05    -9.77465e-05
    -0.000858102    -0.000862941
    -0.000893516     -0.00085147
     -3.2718e-05     -3.2161e-05
    -0.000341015    -0.000312685
     -7.5767e-05    -7.20615e-05
    -0.000340242    -0.000320452
    -0.000387942    -0.000394374
    -0.000255038    -0.000273532
     -0.00104978    -0.000939552
     -2.4047e-05    -3.46094e-05
     -0.00116118    -0.000996086
    -0.000666624    -0.000627797
     -4.5554e-05    -5.43061e-05
     -2.8458e-05    -3.51718e-05
     -3.4478e-05    -4.52068e-05
     -7.9378e-05    -8.63334e-05
    -0.000393043    -0.000408934
    -0.000738413    -0.000746996
     -0.00142841     -0.00141397
     -2.3914e-05     -3.3803e-05
     -6.0532e-05    -6.06357e-05
    -0.000250549    -0.000292901
    -0.000395887    -0.000457288
    -0.000687216    -0.000682698
    -0.000204144    -0.000223743
     -5.4346e-05    -5.56135e-05
     -3.7981e-05    -5.07187e-05
     -1.0506e-05    -1.27013e-05
     -4.5885e-05    -4.60533e-05
    -0.000117188    -0.000152581
     -1.5902e-05    -2.20898e-05
      -3.072e-06    -4.23315e-06
    -0.000206735    -0.000216771
     -0.00036862    -0.000372562
     -0.00146839     -0.00134279
    -0.000528765    -0.000492439
    -0.000283592    -0.000369141
    -0.000802114    -0.000808305
     -7.0456e-05    -7.53995e-05
    -0.000756544    -0.000816081
    -0.000129613    -0.000149808
     -3.7435e-05    -5.00891e-05
     -1.5222e-05    -1.83717e-05
     -2.3043e-05    -2.74264e-05
     -4.4961e-05    -5.55485e-05
     -2.0005e-05    -2.83284e-05
     -1.2846e-05    -1.95104e-05
    -0.000109998    -0.000131506
     -1.7383e-05     -2.4269e-05
      -8.515e-06    -1.21582e-05
     -4.7592e-05    -5.57258e-05
    -0.000244154    -0.000260492
     -1.7223e-05    -2.38915e-05
     -1.8201e-05    -2.50559e-05
     -4.0697e-05    -5.15012e-05
    -0.000810576    -0.000809038
     -8.4395e-05     -0.00010377
    -0.000172862    -0.000174329
    -0.000945394     -0.00100225
     -4.4647e-05     -5.7566e-05
    -0.000144356    -0.000182626
      -6.101e-06    -8.49287e-06
    -0.000187408    -0.000215315
     -1.0178e-05     -1.2315e-05
     -2.2336e-05    -2.50066e-05
      -5.588e-06    -6.95851e-06
    -0.000237439    -0.000233554
    -0.000965591    -0.000973298
     -4.2729e-05    -5.18314e-05
     -1.2215e-05    -1.57079e-05
    -0.000571626    -0.000571625
    -0.000209412    -0.000226409
     -0.00147433     -0.00160255
    -0.000896972     -0.00098371
     -2.8341e-05    -3.55657e-05
    -0.000733249    -0.000695648
      -7.906e-06    -8.70758e-06
     -4.3652e-05    -5.15943e-05
     -1.6537e-05    -2.40073e-05
    -0.000236652     -0.00025235
    -0.000248483    -0.000249255
     -1.1816e-05    -1.62979e-05
      -0.0012731     -0.00142512
     -2.2751e-05    -2.66056e-05
    -0.000486964    -0.000467067
    -0.000941049    -0.000900427
    -0.000246023    -0.000258415
      -2.061e-05    -2.49173e-05
     -2.2276e-05    -2.82579e-05
      -4.546e-06    -5.59446e-06
    -0.000903191    -0.000836958
     -7.9103e-05    -9.24094e-05
     -2.6361e-05     -3.8427e-05
    -0.000192573    -0.000201572
    -0.000960887    -0.000883014
    -0.000201524    -0.000210736
    -0.000179157    -0.000178997
    -0.000147606    -0.000146067
      -5.723e-06    -7.39902e-06
     -4.1421e-05    -5.28953e-05
     -1.0627e-05    -1.27113e-05
      -8.831e-06    -1.22638e-05
     -2.0535e-05    -2.98257e-05
    -0.000183576     -0.00017822
    -0.000250326     -0.00023016
     -1.4569e-05    -1.96445e-05
    -0.000801417    -0.000780511
     -1.5318e-05    -1.65957e-05
    -0.000274993    -0.000276419
     -4.4324e-05    -5.38952e-05
     -0.00118311     -0.00119768
    -0.000844309    -0.000784119
    -0.000264044    -0.000240124
     -2.3529e-05    -2.61778e-05
    -0.000318322    -0.000305053
     -0.00015141    -0.000162452
    -0.000282351    -0.000269952
       -8.23e-06    -9.31447e-06
      -5.171e-06    -6.78089e-06
     -2.2823e-05     -3.5733e-05
     -0.00155075     -0.00191389
     -9.7128e-05    -9.86742e-05
    -0.000348534    -0.000320927
    -0.000412506    -0.000479268
     -2.5537e-05    -3.26646e-05
    -0.000828598    -0.000799588
     -0.00139044     -0.00127911
    -0.000494288    -0.000472997
     -0.00129969     -0.00118524
    -0.000483085    -0.000466389
     -2.4811e-05     -2.9819e-05
     -1.2519e-05    -1.67165e-05
      -7.843e-06    -1.02761e-05
    -0.000125888    -0.000118566
     -3.4805e-05    -4.30186e-05
     -4.8803e-05    -6.13283e-05
     -2.4227e-05    -3.39758e-05
    -0.000173314     -0.00023032
    -0.000512841    -0.000477279
     -1.5119e-05    -2.37428e-05
     -6.6957e-05    -6.44196e-05
    -0.000410384    -0.000376254
     -2.3765e-05    -2.61153e-05
     -2.2541e-05    -3.31448e-05
     -6.8455e-05    -8.47852e-05
      -1.382e-05    -1.93512e-05
    -0.000102681    -0.000107709
     -0.00027436    -0.000258255
     -1.0094e-05    -1.37586e-05
     -6.3175e-05    -7.60781e-05
    -0.000121215    -0.000114205
     -1.1353e-05     -1.4719e-05
    -0.000324216     -0.00037807
     -0.00018331    -0.000200338
     -1.5389e-05    -1.82281e-05
     -1.4084e-05     -1.6022e-05
     -8.2438e-05    -8.78721e-05
     -0.00016423    -0.000195572
     -1.1816e-05    -1.59175e-05
    -0.000462328    -0.000416183
     -1.1632e-05    -1.50227e-05
     -1.9509e-05    -2.53689e-05
    -0.000281009    -0.000312202
     -0.00120912     -0.00119342
      -1.341e-05    -1.68339e-05
      -6.878e-06    -8.64077e-06
     -0.00013972     -0.00017914
    -0.000100768    -0.000132445
      -0.0012451     -0.00117873
    -0.000302621    -0.000280428
      -4.398e-06    -6.24478e-06
       -8.97e-06    -1.27791e-05
    -0.000849852    -0.000810502
     -4.0199e-05    -5.54535e-05
    -0.000894745     -0.00083993
    -0.000177992    -0.000180444
     -1.0914e-05    -1.51831e-05
     -1.0012e-05    -1.30845e-05
     -0.00058609    -0.000564047
     -0.00159981     -0.00169978
    -0.000385604    -0.000381387
      -8.551e-05    -8.51549e-05
     -6.2629e-05    -6.26368e-05
     -1.6611e-05    -2.18325e-05
     -1.3928e-05    -1.69938e-05
     -2.0161e-05    -2.46363e-05
    -0.000142725     -0.00015598
      -3.238e-05    -4.18626e-05
     -9.1107e-05    -0.000101288
     -0.00126721     -0.00110451
     -0.00152418     -0.00165177
     -1.4279e-05    -1.66148e-05
     -3.1754e-05    -3.87064e-05
     -8.1131e-05    -7.42137e-05
     -0.00153214     -0.00185986
    -0.000276964    -0.000275099
    -0.000616613    -0.000634806
     -1.8229e-05    -2.46165e-05
    -0.000298622    -0.000295201
      -4.583e-06    -6.62924e-06
     -1.5489e-05    -2.22047e-05
      -7.224e-06    -9.98561e-06
     -0.00155815      -0.0014138
    -0.000307624       -0.000288
     -1.8264e-05     -2.7958e-05
      -9.093e-06    -9.10983e-06
      -7.267e-05    -8.29111e-05
    -0.000299673    -0.000355363
     -0.00091386    -0.000826403
     -6.3094e-05    -8.47824e-05
     -1.0896e-05     -1.2252e-05
    -0.000556575    -0.000548431
    -0.000541219    -0.000519278
     -8.9929e-05    -9.41911e-05
    -0.000159732     -0.00016901
     -0.00052452    -0.000476579
     -1.4444e-05     -2.0653e-05
    -0.000154291    -0.000148896
    -0.000496138    -0.000520603
     -1.0704e-05    -1.31732e-05
     -0.00132432      -0.0013342
     -8.3665e-05    -8.72717e-05
     -5.0953e-05    -5.46534e-05
    -0.000356993    -0.000335821
     -6.5134e-05    -7.38874e-05
     -5.0581e-05    -6.11593e-05
     -0.00115439     -0.00126041
    -0.000317969    -0.000347771
    -0.000296255    -0.000266427
    -0.000318048    -0.000334201
     -9.0981e-05    -9.37775e-05
    -0.000568816    -0.000575661
    -0.000311346    -0.000350184
    -0.000908193    -0.000859424
      -1.531e-05    -2.05061e-05
     -1.4962e-05    -1.98831e-05
     -0.00108772      -0.0010472
    -0.000547376    -0.000561288
     -1.0261e-05     -1.4577e-05
     -0.00129416     -0.00115354
    -0.000575494     -0.00051286
      -0.0016678     -0.00158003
    -0.000947542    -0.000824892
    -0.000129786    -0.000138752
     -2.2462e-05    -2.19107e-05
     -3.5003e-05    -4.07536e-05
