QM Energy	FF Energy
     -8.0939e-05    -5.48113e-05
     -7.3979e-05    -6.20404e-05
    -0.000574477    -0.000754188
     -0.00136108     -0.00132687
    -0.000935551    -0.000841589
    -0.000228858    -0.000233743
    -0.000630742    -0.000659816
     -8.5723e-05    -5.20322e-05
    -0.000651613    -0.000676484
     -8.0874e-05    -5.73997e-05
    -0.000646425     -0.00085686
     -0.00120128     -0.00117554
    -0.000601077    -0.000657015
    -0.000374394    -0.000350972
    -0.000726811    -0.000553677
    -0.000609775    -0.000501949
    -0.000814013    -0.000815401
    -0.000127031    -0.000106182
     -6.1054e-05    -5.03364e-05
     -4.2874e-05    -2.77332e-05
     -0.00150161     -0.00123295
    -0.000948482    -0.000827319
    -0.000673652     -0.00102269
    -0.000273907    -0.000194142
     -8.0124e-05    -5.71066e-05
    -0.000543089    -0.000554662
    -0.000301172    -0.000264475
    -0.000955658     -0.00102324
    -0.000393122    -0.000413284
    -0.000434106    -0.000358596
    -0.000783964    -0.000867706
    -0.000119801    -0.000108922
    -0.000488655    -0.000503299
    -0.000317639    -0.000415023
    -0.000158656    -9.05643e-05
    -0.000169963    -9.96462e-05
     -0.00115767    -0.000750153
     -7.0559e-05     -4.5542e-05
    -0.000568057    -0.000466467
     -9.3771e-05     -6.1241e-05
    -0.000102666    -7.13266e-05
    -0.000533709    -0.000615296
    -0.000584312    -0.000504295
    -0.000141718    -0.000117552
    -0.000587906    -0.000830257
    -0.000106465    -7.38011e-05
    -0.000141178    -7.79632e-05
    -0.000139827    -9.17188e-05
     -0.00104181     -0.00112762
    -0.000798682    -0.000772461
     -7.2681e-05    -5.37678e-05
    -0.000154255    -0.000109101
    -0.000413863     -0.00054753
     -7.8605e-05    -5.92857e-05
      -9.927e-05    -7.76703e-05
    -0.000300059    -0.000182831
    -0.000295182    -0.000310952
     -7.0005e-05    -4.97195e-05
    -0.000707281    -0.000885839
     -8.9811e-05    -6.86831e-05
    -0.000625657    -0.000447479
     -6.6863e-05    -4.88575e-05
    -0.000962204    -0.000665793
      -5.801e-05    -4.63611e-05
     -0.00064525    -0.000692315
     -5.0238e-05    -3.13802e-05
    -0.000107012    -8.12995e-05
    -0.000677511    -0.000686984
      -0.0022016     -0.00197714
    -0.000279731    -0.000204891
    -0.000571852    -0.000573155
     -8.4081e-05    -5.70515e-05
    -0.000158216    -0.000100675
     -7.4169e-05    -5.89939e-05
     -6.3538e-05    -4.93666e-05
      -6.247e-05    -4.91704e-05
    -0.000158158    -0.000132209
     -7.9776e-05    -5.53216e-05
    -0.000115314    -9.45674e-05
    -0.000285905     -0.00024638
    -0.000267532    -0.000278508
    -0.000140011    -9.15479e-05
    -0.000702868    -0.000743332
    -0.000910773    -0.000604361
    -0.000157336    -0.000142103
     -9.9979e-05    -6.87086e-05
     -9.7338e-05    -9.01176e-05
     -5.2035e-05    -4.73924e-05
    -0.000683005    -0.000584209
     -7.5536e-05    -6.62439e-05
    -0.000166411    -0.000154571
    -0.000344485    -0.000208252
    -0.000216332    -0.000148556
    -0.000643086    -0.000689516
     -0.00013823    -0.000129316
     -4.4279e-05    -3.83034e-05
    -0.000672971    -0.000914698
    -0.000139405    -0.000100848
    -0.000178231     -0.00015847
    -0.000705461    -0.000758228
    -0.000215009    -0.000203016
     -0.00030048    -0.000232353
    -0.000123631    -9.33794e-05
    -0.000320646    -0.000364614
     -0.00126403     -0.00132689
    -0.000157992    -0.000114309
     -7.0661e-05    -4.40852e-05
     -7.1129e-05      -4.339e-05
    -0.000378243     -0.00031293
     -7.4891e-05    -6.71532e-05
    -0.000281521    -0.000227634
     -9.9894e-05    -7.17707e-05
     -6.2024e-05    -4.32941e-05
    -0.000559656    -0.000567445
     -8.3383e-05    -7.24973e-05
    -0.000355495     -0.00029138
    -0.000574119    -0.000457437
     -5.3203e-05    -4.61224e-05
    -0.000197775    -0.000203819
    -0.000325188    -0.000316742
      -5.804e-05    -4.35066e-05
    -0.000150186    -0.000106069
     -8.8321e-05    -5.75889e-05
     -7.4413e-05    -7.36724e-05
    -0.000458101     -0.00046687
    -0.000207782    -0.000174375
    -0.000225281    -0.000234911
      -9.131e-05    -7.43081e-05
      -7.815e-05    -4.82516e-05
    -0.000741456     -0.00076197
    -0.000420412     -0.00032165
    -0.000106291    -9.10452e-05
     -0.00112382    -0.000822235
     -0.00038873    -0.000427184
    -0.000392331    -0.000293364
      -3.582e-05    -2.28388e-05
    -0.000902966    -0.000893578
     -0.00055192     -0.00060925
    -0.000263869    -0.000310357
     -0.00013884    -8.06472e-05
       -0.001602     -0.00161537
    -0.000122731    -8.81453e-05
    -0.000143344    -0.000113765
    -0.000449552     -0.00032692
     -8.8334e-05    -7.56077e-05
    -0.000154582    -0.000124463
     -6.9624e-05    -4.89497e-05
     -5.5453e-05    -4.67096e-05
    -0.000780307    -0.000856151
    -0.000252923    -0.000217796
     -0.00045287     -0.00034602
    -0.000270253    -0.000264052
    -0.000131167    -0.000121486
     -8.1704e-05    -6.02085e-05
     -0.00130471     -0.00125779
    -0.000122267     -0.00010886
    -0.000142034    -0.000133472
    -0.000100227    -6.25387e-05
    -0.000971854    -0.000839082
    -0.000278453     -0.00021291
    -0.000754235    -0.000766941
     -6.0228e-05    -4.76748e-05
    -0.000468722    -0.000634414
    -0.000167927    -0.000106733
     -5.6743e-05    -4.65984e-05
     -5.0599e-05    -3.64357e-05
     -0.00046701    -0.000403013
    -0.000388543     -0.00037485
    -0.000928057     -0.00101044
     -5.8334e-05    -3.80791e-05
     -0.00016656     -0.00012852
     -6.7594e-05    -4.77033e-05
     -9.8152e-05    -7.53188e-05
    -0.000231958    -0.000209725
       -0.001196     -0.00122693
    -0.000492699    -0.000599365
    -0.000103539    -8.13446e-05
     -8.8274e-05    -5.34454e-05
     -0.00069069    -0.000917443
    -0.000119878    -8.43541e-05
    -0.000305376    -0.000347649
    -0.000853155     -0.00101374
    -0.000136454     -0.00014142
     -0.00054897    -0.000613365
    -0.000122036    -0.000100445
    -0.000173379    -0.000117389
    -0.000619154    -0.000785827
    -0.000261559    -0.000211433
     -7.9237e-05    -7.57807e-05
    -0.000181574    -0.000120671
    -0.000123403    -9.58221e-05
     -7.0021e-05    -5.71359e-05
    -0.000153603    -9.72339e-05
    -0.000154263    -0.000119738
     -7.5563e-05    -4.77478e-05
     -0.00030683    -0.000283071
    -0.000822861     -0.00113518
     -0.00137874     -0.00126145
    -0.000882452    -0.000938556
    -0.000288249    -0.000357101
    -0.000122273    -8.84183e-05
    -0.000180074    -0.000134787
     -4.7379e-05    -2.96329e-05
    -0.000219099    -0.000198389
    -0.000245394    -0.000219226
    -0.000242973    -0.000255698
    -0.000326268    -0.000267083
    -0.000368037    -0.000276629
     -8.5589e-05    -5.53535e-05
    -0.000736477    -0.000884802
     -8.2175e-05    -5.16428e-05
    -0.000622945    -0.000525185
      -8.613e-05    -6.04934e-05
    -0.000274968    -0.000215953
    -0.000107294    -6.76256e-05
    -0.000248777    -0.000262048
     -7.2569e-05    -5.95814e-05
     -7.4617e-05     -5.1344e-05
    -0.000201243    -0.000185205
     -8.4759e-05    -6.92446e-05
    -0.000997246     -0.00115147
    -0.000126387    -0.000121175
    -0.000159827    -0.000125062
    -0.000230129    -0.000226251
     -8.0059e-05    -7.56323e-05
    -0.000118082    -0.000107181
     -8.6479e-05    -6.89762e-05
    -0.000163561    -0.000116471
     -7.1983e-05    -6.68666e-05
    -0.000493594     -0.00030791
    -0.000319905    -0.000396327
     -0.00010418    -8.20933e-05
     -0.00115705     -0.00119092
     -0.00067514    -0.000769251
    -0.000730549    -0.000699541
     -5.3659e-05    -4.20464e-05
     -7.8157e-05    -6.59883e-05
     -0.00010068     -7.7077e-05
    -0.000321184    -0.000281529
    -0.000868022     -0.00110677
    -0.000198227    -0.000155772
    -0.000181458    -0.000158177
     -8.4531e-05    -7.55777e-05
    -0.000255768    -0.000148703
     -5.1466e-05     -3.2416e-05
    -0.000271837    -0.000225955
    -0.000113723    -0.000108331
    -0.000321037    -0.000232663
    -0.000503624    -0.000721364
     -0.00102537     -0.00115777
    -0.000347519    -0.000278595
    -0.000660755    -0.000724985
     -7.4484e-05     -6.0297e-05
    -0.000110327    -8.91532e-05
    -0.000100715    -8.61221e-05
    -0.000493529    -0.000349639
    -0.000598939    -0.000677282
     -4.3856e-05    -3.70886e-05
     -0.00013648    -0.000145085
    -0.000430137    -0.000488781
    -0.000276914     -0.00020435
    -0.000185683    -0.000146807
     -7.2436e-05     -5.7781e-05
    -0.000317578    -0.000365537
     -0.00088007    -0.000976107
     -7.8221e-05    -6.50954e-05
     -0.00129973      -0.0013418
    -0.000360134     -0.00036715
    -0.000327944    -0.000307357
     -0.00118344     -0.00127274
     -6.1818e-05    -4.96675e-05
    -0.000356698    -0.000249943
    -0.000112586    -9.94903e-05
     -5.2903e-05     -3.9042e-05
     -7.4635e-05    -4.72672e-05
     -9.9138e-05    -5.69192e-05
    -0.000167698    -0.000150827
    -0.000102107    -8.33528e-05
    -0.000313991    -0.000253679
    -0.000489929    -0.000556457
     -4.1278e-05    -3.10695e-05
    -0.000135015    -0.000114111
       -5.38e-05    -4.46792e-05
    -0.000226977    -0.000180999
     -7.1395e-05     -6.6898e-05
    -0.000698977    -0.000593019
     -5.1561e-05    -3.68073e-05
     -8.0111e-05    -5.03521e-05
     -7.3954e-05    -5.29974e-05
    -0.000735211    -0.000791085
      -0.0017527     -0.00171123
     -0.00162433     -0.00176993
    -0.000911305    -0.000965973
    -0.000300888     -0.00026589
    -0.000791834    -0.000683078
    -0.000334527    -0.000263476
    -0.000105055    -5.72764e-05
    -0.000773541     -0.00102694
     -0.00150378     -0.00167871
    -0.000284546    -0.000272494
     -0.00108887     -0.00084564
    -0.000127064    -8.41438e-05
    -0.000246094    -0.000269484
    -0.000390779    -0.000325246
    -0.000114472    -8.78132e-05
    -0.000142421    -0.000134616
    -0.000255254     -0.00020621
    -0.000132818    -8.31868e-05
    -0.000684053    -0.000652565
     -7.4416e-05    -5.33681e-05
    -0.000636728    -0.000583405
    -0.000292414    -0.000276259
    -0.000164191    -0.000131245
    -0.000273464    -0.000347326
    -0.000283653    -0.000243084
    -0.000127875    -8.68546e-05
    -0.000174907    -0.000175295
     -4.8563e-05    -4.03059e-05
    -0.000139774    -0.000107218
    -0.000633496     -0.00072112
    -0.000447249    -0.000384684
    -0.000240644    -0.000193691
    -0.000340522    -0.000313607
    -0.000763328    -0.000901191
    -0.000149598     -0.00010454
    -0.000185469    -0.000191638
    -0.000280591    -0.000337468
     -9.1747e-05    -9.22267e-05
     -3.4938e-05    -2.73081e-05
    -0.000462265    -0.000446436
      -5.621e-05    -4.02764e-05
     -8.1757e-05    -6.16218e-05
    -0.000891493     -0.00095974
    -0.000147696    -9.44609e-05
    -0.000122869    -0.000129324
        -7.1e-05    -5.32574e-05
    -0.000338563    -0.000348576
    -0.000264893    -0.000234884
      -9.164e-05    -6.79577e-05
    -0.000196178    -0.000171418
    -0.000175146    -0.000155444
      -0.0011346     -0.00114148
     -8.0765e-05    -7.53575e-05
    -0.000202493    -0.000192144
     -0.00113003      -0.0011161
    -0.000992957    -0.000980069
     -5.4245e-05    -4.53829e-05
     -7.4022e-05    -5.84881e-05
     -0.00039657    -0.000441269
     -0.00030229     -0.00035248
     -8.4969e-05    -6.06031e-05
    -0.000817147    -0.000718449
    -0.000118828    -8.31445e-05
    -0.000276166    -0.000291396
     -6.4013e-05    -4.67252e-05
     -9.1904e-05    -5.27738e-05
    -0.000591078    -0.000600932
    -0.000800734    -0.000647232
    -0.000134018    -0.000108027
     -7.7362e-05    -6.60711e-05
     -9.3464e-05    -7.04239e-05
     -4.5083e-05    -3.85228e-05
    -0.000147778    -0.000147732
     -6.0674e-05    -4.44428e-05
      -7.125e-05     -5.7571e-05
    -0.000370726    -0.000390935
     -0.00164501     -0.00158861
     -7.5351e-05    -6.90792e-05
    -0.000730165    -0.000767409
    -0.000537659    -0.000465677
    -0.000352186    -0.000294442
     -8.4686e-05    -5.43551e-05
    -0.000102396    -9.74793e-05
    -0.000124115    -0.000110817
    -0.000825608    -0.000733233
    -0.000153149     -0.00011976
     -9.3032e-05    -9.31084e-05
    -0.000693806    -0.000833752
    -0.000323096    -0.000333828
    -0.000511512    -0.000450551
    -0.000333368     -0.00044885
    -0.000179381    -0.000138688
       -6.03e-05    -3.65182e-05
    -0.000399999    -0.000476585
    -0.000109794    -9.99651e-05
    -0.000318769    -0.000363283
    -0.000110248    -7.08533e-05
    -0.000283458    -0.000191232
    -0.000301016    -0.000256236
    -0.000532563    -0.000476904
    -0.000166939    -0.000152544
    -0.000396162    -0.000361237
      -0.0007238    -0.000628254
    -0.000152855    -0.000108366
    -0.000179288    -0.000142765
    -0.000799336    -0.000781009
    -0.000160608    -0.000100429
    -0.000470128    -0.000439061
    -0.000289167    -0.000252089
    -0.000563228    -0.000566784
    -0.000599139    -0.000417147
    -0.000348888    -0.000472045
    -0.000166035    -0.000124517
     -7.3862e-05    -5.18503e-05
    -0.000150837    -0.000130658
     -5.1845e-05    -4.14615e-05
    -0.000180003    -0.000121658
     -0.00138454     -0.00138501
    -0.000130231    -0.000139542
    -0.000127502    -8.72569e-05
    -0.000671903    -0.000703596
    -0.000179639    -0.000173077
    -0.000388171    -0.000234979
    -0.000124059    -0.000110493
    -0.000911582    -0.000677713
    -0.000959466     -0.00085714
     -6.6379e-05    -5.38511e-05
     -9.2567e-05    -7.41312e-05
    -0.000890792    -0.000919985
    -0.000263454    -0.000189649
    -0.000434724    -0.000581602
    -0.000188175    -0.000157755
     -9.2881e-05    -8.44228e-05
    -0.000107769    -8.43193e-05
    -0.000147846    -0.000127913
    -0.000214809    -0.000158737
    -0.000427204    -0.000428499
    -0.000795304    -0.000878084
    -0.000414392    -0.000369554
     -5.2437e-05    -4.27572e-05
    -0.000152841    -0.000106212
     -0.00189806       -0.001915
     -6.8517e-05    -5.51592e-05
    -0.000151307    -0.000145842
    -0.000236911    -0.000160138
    -0.000286541     -0.00021395
    -0.000118878    -0.000100741
     -0.00066668    -0.000388309
    -0.000607966    -0.000911692
    -0.000151693    -0.000168749
    -0.000374621     -0.00028015
    -0.000121911    -0.000108535
    -0.000933362    -0.000833662
    -0.000109771    -8.45288e-05
    -0.000207775    -0.000227918
      -0.0010644     -0.00119043
     -8.9526e-05    -6.91103e-05
     -8.4512e-05    -5.95345e-05
    -0.000285444    -0.000340645
    -0.000555803    -0.000421679
    -0.000371227    -0.000266355
     -0.00015831    -0.000149141
     -8.7677e-05    -5.14047e-05
     -0.00027276    -0.000248426
     -0.00114714    -0.000875113
     -0.00119284     -0.00128948
    -0.000542246    -0.000485508
     -0.00012821    -0.000102242
    -0.000364188    -0.000429551
    -0.000136575    -0.000101741
    -0.000216565     -0.00017679
    -0.000115893     -0.00011923
     -0.00015078    -0.000111976
    -0.000204487    -0.000200162
    -0.000217006    -0.000167358
    -0.000119855    -0.000105678
     -0.00170744     -0.00167451
    -0.000111558    -0.000105811
    -0.000121511    -9.96101e-05
     -0.00136592     -0.00161675
     -0.00015812    -0.000138999
      -0.0001982    -0.000161316
     -8.7793e-05    -6.96566e-05
     -8.9497e-05    -9.00175e-05
    -0.000279569     -0.00034007
    -0.000809769    -0.000780215
    -0.000145623    -0.000112272
     -5.2391e-05    -4.21036e-05
     -6.9037e-05    -5.51394e-05
     -0.00145037     -0.00159208
     -7.9045e-05    -7.05115e-05
    -0.000148875    -0.000160963
     -0.00110452    -0.000760752
    -0.000154875    -0.000140821
    -0.000195617    -0.000156853
    -0.000710887    -0.000726856
     -9.0207e-05    -7.87517e-05
     -5.8009e-05    -4.21327e-05
    -0.000575844    -0.000521411
    -0.000449865    -0.000364297
     -5.1693e-05    -3.86371e-05
    -0.000353905    -0.000366443
     -0.00114507    -0.000972902
     -0.00013577    -9.21705e-05
     -8.1366e-05    -6.27066e-05
    -0.000304173    -0.000312742
     -0.00112428     -0.00124515
    -0.000140041    -0.000110811
    -0.000158584    -0.000122378
    -0.000430265    -0.000431526
    -0.000145047    -0.000143388
     -0.00022776    -0.000201111
    -0.000349559    -0.000374101
    -0.000108945     -8.0615e-05
    -0.000708031    -0.000999517
    -0.000192872    -0.000186581
     -7.0521e-05    -4.50546e-05
     -0.00014018    -0.000139801
    -0.000350582    -0.000261887
     -0.00112915     -0.00137239
     -6.8687e-05    -6.69854e-05
    -0.000380664    -0.000356756
    -0.000412292    -0.000642283
     -4.1507e-05    -3.17015e-05
    -0.000385104    -0.000473082
    -0.000752868    -0.000904209
     -9.6015e-05    -8.86929e-05
    -0.000146345    -0.000113194
    -0.000135496    -0.000116872
    -0.000102089    -7.22622e-05
     -8.0721e-05    -6.76915e-05
     -7.8571e-05    -5.17296e-05
    -0.000160061    -0.000114174
    -0.000138292    -0.000129077
    -0.000636859    -0.000571276
    -0.000173884    -0.000147728
     -7.6587e-05     -6.8971e-05
     -9.0362e-05    -7.38124e-05
     -7.6269e-05    -4.80748e-05
     -9.9167e-05    -6.54307e-05
     -0.00108152    -0.000759783
    -0.000112978    -6.72087e-05
    -0.000317866    -0.000364062
      -9.174e-05    -6.28934e-05
    -0.000186208    -0.000205374
    -0.000760115    -0.000810054
    -0.000488302    -0.000493029
    -0.000963868    -0.000996165
    -0.000333515    -0.000257035
     -3.8998e-05    -2.88214e-05
     -0.00149996     -0.00149949
     -8.4729e-05    -6.08369e-05
     -7.5527e-05    -6.20269e-05
    -0.000344287    -0.000302447
     -0.00100123    -0.000640745
     -8.1086e-05    -7.49337e-05
    -0.000132166    -0.000106524
    -0.000121767    -0.000120595
     -9.8122e-05    -9.46374e-05
     -9.5292e-05    -7.97484e-05
     -9.8708e-05    -8.73837e-05
    -0.000413034    -0.000405192
    -0.000144173      -0.0001503
    -0.000239059    -0.000272013
    -0.000131838    -0.000117099
    -0.000463129    -0.000433486
    -0.000184771    -0.000163963
    -0.000174872    -0.000137153
     -5.3197e-05    -4.25037e-05
     -6.9991e-05    -6.74937e-05
    -0.000330303    -0.000320725
    -0.000140631    -0.000101035
      -0.0001743    -0.000146411
    -0.000307942    -0.000285319
    -0.000181977    -0.000118298
    -0.000386451    -0.000313344
    -0.000288538    -0.000260121
     -9.1044e-05    -7.96969e-05
    -0.000223268    -0.000198689
     -7.6379e-05    -4.27082e-05
    -0.000104626    -6.98153e-05
    -0.000772634      -0.0011736
     -6.8909e-05    -4.03706e-05
    -0.000442542    -0.000685748
    -0.000984271     -0.00100948
    -0.000331107    -0.000321468
      -5.149e-05    -3.81267e-05
    -0.000203199    -0.000180519
     -6.8166e-05    -5.19795e-05
     -6.9487e-05    -6.07679e-05
      -0.0001957    -0.000181486
     -0.00112487     -0.00132641
    -0.000841822    -0.000857772
     -0.00032091    -0.000246503
     -0.00100345    -0.000949559
    -0.000273611    -0.000345286
     -8.4876e-05    -7.54577e-05
    -0.000405264     -0.00039855
    -0.000165689    -0.000146926
    -0.000663593    -0.000674227
    -0.000109014    -9.17308e-05
    -0.000322198    -0.000311499
     -4.5718e-05    -3.29409e-05
     -0.00027707    -0.000304882
    -0.000108327    -0.000105593
    -0.000480265    -0.000434675
    -0.000638399     -0.00069112
    -0.000182818    -0.000178976
    -0.000253206    -0.000198896
    -0.000313737    -0.000294069
    -0.000165737    -9.70198e-05
    -0.000148745    -0.000117479
    -0.000135077    -0.000120848
    -0.000186551    -0.000161587
      -8.556e-05    -5.38508e-05
    -0.000242933    -0.000241425
    -0.000445871    -0.000728727
     -0.00110684     -0.00106557
    -0.000129473    -9.84217e-05
    -0.000164045    -0.000163743
    -0.000399372    -0.000312444
      -0.0006048    -0.000583664
     -6.0082e-05    -4.89886e-05
    -0.000102923    -7.40277e-05
    -0.000123883    -0.000103522
    -0.000110888    -0.000106369
    -0.000117405     -9.2082e-05
    -0.000449999    -0.000437798
    -0.000155051    -0.000147775
     -8.8549e-05    -8.42392e-05
    -0.000189071    -0.000169733
     -0.00101235     -0.00093635
    -0.000207091    -0.000196166
    -0.000102218    -7.39771e-05
    -0.000137759    -0.000121196
    -0.000234094    -0.000218314
     -4.8436e-05    -3.61714e-05
    -0.000550956    -0.000698942
    -0.000141551    -0.000132431
    -0.000118555    -7.63772e-05
    -0.000107128    -9.94006e-05
    -0.000881408    -0.000762718
    -0.000384568    -0.000368113
    -0.000547457    -0.000540327
    -0.000775774    -0.000708687
    -0.000150095    -9.51659e-05
     -6.6924e-05    -3.58204e-05
    -0.000129572    -9.44515e-05
    -0.000198318    -0.000198258
     -8.7481e-05    -5.66785e-05
    -0.000185095    -0.000125187
     -0.00038979    -0.000479977
    -0.000651856    -0.000676708
     -0.00118206    -0.000988589
    -0.000124748    -0.000111345
    -0.000601123    -0.000896107
    -0.000257651    -0.000197713
    -0.000524291     -0.00045629
    -0.000235884    -0.000244137
     -0.00058922    -0.000631511
    -0.000140309    -0.000151688
      -4.852e-05    -4.25527e-05
     -7.4058e-05    -5.89252e-05
     -0.00113042    -0.000843759
    -0.000580783    -0.000573948
    -0.000362576    -0.000320294
    -0.000110475    -9.27711e-05
    -0.000693433    -0.000680707
     -6.3456e-05    -3.85868e-05
     -4.7795e-05    -3.23407e-05
     -0.00143431     -0.00115224
     -0.00031641    -0.000296491
    -0.000639347    -0.000648349
    -0.000401221    -0.000336837
     -0.00105213    -0.000966441
    -0.000742746    -0.000772249
     -8.8068e-05    -7.97944e-05
    -0.000148186    -9.57162e-05
    -0.000201622    -0.000202357
     -0.00016447    -0.000151449
    -0.000793141    -0.000859675
    -0.000167339    -0.000141922
    -0.000589532    -0.000637215
     -6.0596e-05    -5.58144e-05
    -0.000110274    -7.32618e-05
     -9.9908e-05    -7.98823e-05
    -0.000372008    -0.000361756
    -0.000262029    -0.000228415
     -0.00024698    -0.000328903
    -0.000586941    -0.000440541
    -0.000107827    -0.000110511
    -0.000206534    -0.000129637
     -9.5676e-05    -7.20944e-05
    -0.000144455    -0.000147167
     -0.00171995     -0.00190136
    -0.000354024    -0.000331932
     -0.00112823    -0.000738333
      -5.939e-05     -4.5739e-05
    -0.000440431    -0.000578804
    -0.000344341    -0.000331891
    -0.000354964    -0.000203274
    -0.000572345    -0.000466457
    -0.000209372     -0.00020759
    -0.000385732    -0.000357992
      -0.0001562    -0.000112502
    -0.000175854    -0.000155665
    -0.000397739    -0.000404501
    -0.000126322    -0.000111039
    -0.000321226    -0.000259815
    -0.000474113    -0.000463693
    -0.000782942    -0.000955143
    -0.000167151    -0.000147551
    -0.000101457    -9.71274e-05
     -0.00072112    -0.000437388
     -0.00189609     -0.00190954
    -0.000261951    -0.000248539
    -0.000245457    -0.000194617
    -0.000182579    -0.000128726
    -0.000677324    -0.000517102
    -0.000432611    -0.000431478
     -9.3673e-05    -6.03551e-05
    -0.000332384    -0.000470349
     -7.1804e-05    -4.17731e-05
    -0.000492253    -0.000469238
    -0.000228351    -0.000182805
     -5.6695e-05    -4.36611e-05
     -9.3451e-05    -7.55156e-05
    -0.000575965    -0.000582357
    -0.000312901    -0.000250066
    -0.000318844    -0.000218062
    -0.000385404    -0.000251265
    -0.000485725    -0.000414806
     -8.9578e-05    -6.87447e-05
    -0.000167421    -0.000114012
    -0.000135184    -7.24774e-05
    -0.000193657    -0.000147386
    -0.000288278    -0.000273378
     -0.00101316    -0.000852739
    -0.000179509    -0.000179525
    -0.000379323      -0.0005658
    -0.000175576    -0.000115642
    -0.000702475    -0.000708178
    -0.000454132    -0.000571796
     -0.00065806    -0.000611236
    -0.000861526      -0.0011039
     -0.00123185     -0.00118075
     -0.00161204     -0.00176817
     -9.4114e-05    -8.59864e-05
    -0.000136961    -0.000126163
      -9.518e-05    -8.72231e-05
     -3.5024e-05    -2.65613e-05
    -0.000184773    -0.000144702
    -0.000279723    -0.000257353
    -0.000118813    -9.06749e-05
     -7.8252e-05     -5.2677e-05
    -0.000232731    -0.000169511
    -0.000796723      -0.0007496
    -0.000932934    -0.000929512
    -0.000107239    -5.83966e-05
    -0.000302581     -0.00036693
    -0.000115169    -7.48109e-05
    -0.000371018    -0.000258735
    -0.000628921    -0.000711466
    -0.000326698    -0.000340034
    -0.000946756    -0.000937899
    -0.000108229    -7.45632e-05
    -0.000820372    -0.000617607
    -0.000749715    -0.000843849
    -0.000131542    -0.000126565
    -0.000136649    -0.000124518
    -0.000126352    -9.60168e-05
    -0.000215642    -0.000138979
    -0.000499328    -0.000475889
    -0.000859357    -0.000751789
     -0.00174325     -0.00178802
     -8.7256e-05    -6.83457e-05
    -0.000106022    -9.79089e-05
    -0.000404265    -0.000352501
    -0.000640828     -0.00060556
    -0.000985609      -0.0009225
    -0.000325741    -0.000280188
    -0.000103142    -9.20881e-05
    -0.000133855    -9.62971e-05
       -7.44e-05    -6.39712e-05
    -0.000147306    -0.000109957
     -0.00029158    -0.000253599
    -0.000115534    -9.60119e-05
     -5.0935e-05    -4.13299e-05
    -0.000234011    -0.000205892
    -0.000342837    -0.000374308
     -0.00109164    -0.000803055
    -0.000374705    -0.000573352
    -0.000614166     -0.00055211
     -0.00118716     -0.00110314
    -0.000191164    -0.000148791
     -0.00119131     -0.00113428
    -0.000341885    -0.000330442
    -0.000158288    -0.000135678
     -7.9631e-05    -4.66525e-05
     -9.4149e-05    -7.01931e-05
    -0.000167876    -0.000112851
    -0.000111029    -7.51431e-05
     -5.8889e-05    -4.47941e-05
    -0.000218466    -0.000194863
     -6.3977e-05    -4.67992e-05
     -6.3234e-05    -4.99742e-05
    -0.000143815    -0.000120643
    -0.000492057    -0.000492015
     -7.9069e-05    -5.76792e-05
    -0.000106777     -8.6854e-05
    -0.000167991    -0.000152327
    -0.000746351    -0.000724582
    -0.000207344    -0.000190909
    -0.000175421    -0.000176597
     -0.00123532     -0.00120196
    -0.000167258    -0.000145802
     -0.00031981    -0.000304616
     -6.1481e-05    -5.59998e-05
    -0.000331865    -0.000369677
     -4.4576e-05    -3.24616e-05
     -6.7794e-05     -5.6461e-05
     -6.5652e-05    -5.36569e-05
    -0.000356053    -0.000236899
    -0.000854757     -0.00081796
    -0.000107165    -8.02196e-05
     -8.8836e-05    -8.31074e-05
    -0.000970451     -0.00106677
    -0.000346628    -0.000316535
     -0.00121047     -0.00163006
    -0.000835399    -0.000886656
    -0.000125519    -0.000101208
    -0.000480957    -0.000566897
     -4.9438e-05    -3.82909e-05
    -0.000144143    -0.000128864
     -9.2297e-05    -7.64119e-05
    -0.000323317    -0.000327728
    -0.000372012    -0.000355853
     -8.1714e-05    -7.82618e-05
     -0.00155728     -0.00151392
     -6.1257e-05    -4.36039e-05
     -0.00069353    -0.000767164
    -0.000749683    -0.000828432
    -0.000316872    -0.000361703
    -0.000127477    -0.000128884
    -0.000122242    -0.000108607
     -5.1443e-05    -4.52966e-05
    -0.000805298     -0.00070369
    -0.000233031    -0.000227924
    -0.000115863    -8.40317e-05
    -0.000232968    -0.000209614
    -0.000832634    -0.000520855
    -0.000298284    -0.000286552
    -0.000330767     -0.00032283
    -0.000261741    -0.000196685
      -5.127e-05     -3.4663e-05
    -0.000147423    -0.000103514
      -7.388e-05    -5.11349e-05
     -6.6159e-05    -5.01173e-05
    -0.000112881    -7.73894e-05
     -0.00023243    -0.000235247
    -0.000279033    -0.000307606
     -6.9696e-05     -5.2064e-05
    -0.000851989    -0.000949085
     -7.5878e-05    -6.45532e-05
    -0.000288858     -0.00030065
    -0.000164905     -0.00014582
     -0.00099009     -0.00124259
    -0.000650225    -0.000631868
    -0.000353313    -0.000203318
     -6.3502e-05    -4.67939e-05
    -0.000311291    -0.000253059
    -0.000286399    -0.000279995
    -0.000293767    -0.000299914
     -5.4911e-05    -3.26965e-05
     -5.6737e-05    -4.36168e-05
     -8.6673e-05    -6.48887e-05
     -0.00135646     -0.00164149
    -0.000132084    -9.93697e-05
    -0.000329605    -0.000321021
    -0.000707008    -0.000626777
    -0.000139372    -0.000119489
    -0.000660791    -0.000638176
    -0.000998363    -0.000848979
    -0.000552088    -0.000524198
     -0.00111978     -0.00086735
    -0.000445303    -0.000648969
     -9.6842e-05    -8.42235e-05
     -8.1962e-05    -5.66847e-05
     -6.1875e-05    -4.97189e-05
     -0.00017574    -0.000123206
    -0.000159406    -0.000157731
    -0.000129313    -0.000109893
    -0.000126767    -9.76034e-05
    -0.000429585    -0.000359899
    -0.000391857    -0.000553375
     -9.1243e-05    -5.80438e-05
     -9.7991e-05    -7.81679e-05
    -0.000403631    -0.000273482
     -9.6338e-05     -9.1416e-05
     -7.3945e-05    -5.91966e-05
    -0.000243657    -0.000232882
     -5.9807e-05    -4.47775e-05
    -0.000183543    -0.000168399
    -0.000313875    -0.000238564
     -7.8918e-05    -6.61518e-05
    -0.000192239    -0.000145751
    -0.000170312    -0.000139801
     -5.3668e-05    -4.33191e-05
    -0.000633705    -0.000554983
    -0.000277036     -0.00029914
    -0.000101827     -6.4896e-05
     -6.6898e-05    -5.54592e-05
    -0.000142928    -0.000155765
    -0.000283878    -0.000256052
     -9.7956e-05    -7.95469e-05
    -0.000416697    -0.000421219
     -6.6987e-05    -3.96102e-05
     -6.9673e-05    -5.26326e-05
    -0.000577191    -0.000582341
    -0.000947466    -0.000899097
     -7.9566e-05     -4.6719e-05
     -6.3226e-05    -4.15759e-05
    -0.000354477    -0.000330399
    -0.000250288    -0.000243205
     -0.00173387     -0.00167175
    -0.000290343     -0.00023837
     -5.1432e-05    -4.27366e-05
     -7.6792e-05    -5.19723e-05
    -0.000652175    -0.000625651
    -0.000171579    -0.000135789
    -0.000889898    -0.000954982
    -0.000286468    -0.000192926
     -6.3916e-05    -5.01165e-05
     -8.1219e-05    -7.69697e-05
    -0.000467069    -0.000436441
     -0.00137497     -0.00166002
    -0.000479479    -0.000436922
     -0.00017835    -0.000142121
    -0.000172457    -9.59876e-05
    -0.000102091    -8.70909e-05
     -7.4087e-05     -5.9548e-05
     -6.9837e-05    -5.41426e-05
    -0.000355685    -0.000352005
    -0.000137651    -0.000128038
    -0.000142708    -0.000117525
     -0.00157512     -0.00169749
     -0.00138188     -0.00144418
      -5.749e-05     -4.5744e-05
    -0.000108261    -8.66041e-05
     -0.00012198    -8.54443e-05
      -0.0012786     -0.00155953
    -0.000519394    -0.000538165
     -0.00054186     -0.00064351
     -8.9693e-05    -8.37173e-05
     -0.00027832    -0.000309143
     -4.8303e-05     -4.4503e-05
     -7.9099e-05    -6.72858e-05
     -6.0058e-05    -3.46313e-05
     -0.00107728    -0.000950267
    -0.000288758    -0.000257237
    -0.000103261     -7.1036e-05
     -5.7904e-05    -3.18823e-05
     -0.00019182    -0.000162621
    -0.000555282    -0.000508921
    -0.000769653    -0.000497368
    -0.000181644    -0.000142809
     -6.8502e-05    -4.17767e-05
    -0.000605409    -0.000551854
    -0.000483009    -0.000663197
    -0.000139346    -0.000117833
    -0.000283027    -0.000336519
    -0.000433972    -0.000605378
     -6.2364e-05    -4.99656e-05
     -0.00027251    -0.000239558
    -0.000493065    -0.000486187
     -7.4735e-05    -6.29495e-05
     -0.00130342      -0.0013276
    -0.000209759    -0.000146998
    -0.000124507    -9.45042e-05
    -0.000396723    -0.000440612
    -0.000145968    -0.000117281
    -0.000156253    -0.000144275
    -0.000928978     -0.00113292
    -0.000433852    -0.000436736
    -0.000306223    -0.000270616
    -0.000455638    -0.000402024
    -0.000217524    -0.000141132
    -0.000518092    -0.000565633
    -0.000569654    -0.000503814
     -0.00118108     -0.00110062
     -9.3168e-05     -8.2041e-05
     -9.4874e-05    -7.99162e-05
    -0.000987907     -0.00101607
    -0.000821516    -0.000793446
     -7.8163e-05    -4.80225e-05
     -0.00171425     -0.00176743
    -0.000632239    -0.000572678
     -0.00150583      -0.0015082
     -0.00115124      -0.0011581
     -0.00030145    -0.000284448
      -7.407e-05    -4.04793e-05
     -8.0205e-05    -7.03529e-05
