QM Energy	FF Energy
    -0.000510877    -0.000555154
    -0.000490957    -0.000426826
       0.0054535      0.00630716
      0.00523436      0.00344866
      0.00666449      0.00745643
     -0.00117844     -0.00136192
       0.0040338      0.00448465
    -0.000832311    -0.000837657
    -0.000752827     -0.00133362
    -0.000627919    -0.000696948
      0.00795726      0.00806671
      0.00332431       0.0030489
      0.00363443      0.00258565
    -0.000292107    -0.000512527
      0.00258138      0.00412954
      0.00011051     0.000104108
      0.00386258      0.00296092
    -0.000739438    -0.000767991
    -0.000300625    -0.000297807
    -0.000633114    -0.000643202
      0.00722674      0.00574585
      0.00105959     0.000827234
      0.00588992      0.00564006
    -0.000564186    -0.000499171
    -0.000598597    -0.000598619
     0.000778981     0.000747692
    -0.000893502     -0.00086787
      0.00193771      0.00202021
     0.000929831     0.000541314
      0.00131693      0.00106504
      0.00733072      0.00777037
    -0.000261391    -0.000371826
     0.000163985     0.000330223
     0.000708518     0.000622443
    -0.000979734    -0.000914189
    -0.000881615    -0.000852974
      0.00279751      0.00421235
     -0.00025144    -0.000232559
    -0.000394717    -0.000544666
    -0.000126606    -0.000127185
    -0.000597008    -0.000593251
      0.00265055      0.00177937
      0.00197614      0.00203894
    -0.000723095    -0.000652325
      0.00614615      0.00514096
    -0.000238693    -0.000228589
    -0.000896036    -0.000893728
    -0.000877726    -0.000939948
       0.0073791      0.00654239
      0.00439337      0.00448533
     -0.00036348    -0.000354926
    -0.000105459     -0.00011852
       0.0017081      0.00152724
    -0.000521184    -0.000612782
    -0.000434488    -0.000411341
    -0.000885868    -0.000782811
     -0.00126841     -0.00145387
    -0.000391686    -0.000364542
      0.00570648       0.0050894
    -0.000558322    -0.000511412
      0.00070539      0.00133077
    -0.000432437    -0.000420186
      0.00358394      0.00548329
    -0.000615464    -0.000619524
      0.00061622       0.0001579
    -0.000692918    -0.000725635
    -0.000470135    -0.000523818
    -0.000164794    -0.000340405
       0.0208553       0.0172144
    -0.000787427    -0.000788387
     -0.00104658     -0.00147888
    -0.000288664    -0.000291128
    -0.000816836    -0.000816713
    -0.000390579    -0.000404203
    -0.000440286    -0.000455744
    -0.000582415    -0.000596307
    -0.000534163      -0.0005308
    -0.000507641    -0.000525274
    -0.000524521    -0.000513677
    -0.000464435     -0.00062303
      0.00116973      0.00117926
     -0.00076608    -0.000757875
      0.00434866      0.00338385
      0.00257376      0.00433138
    -0.000226036    -0.000385479
    -0.000563995    -0.000565726
     -0.00035762     -0.00030676
    -0.000577085    -0.000612407
      0.00214283      0.00217274
    -0.000286569    -0.000220153
    -0.000987103     -0.00108041
    -0.000719498    -0.000574695
    -0.000973993     -0.00101002
      0.00173802      0.00167312
     -0.00048872    -0.000498858
    -0.000289928    -0.000251609
      0.00515534      0.00446709
    -0.000191183    -0.000217635
    -0.000861132    -0.000877608
      0.00411611      0.00365367
     -0.00109651     -0.00108693
    -0.000542766    -0.000642656
    -0.000657063    -0.000672037
     -0.00081329     -0.00103242
       0.0120723        0.010986
    -0.000701047    -0.000697574
    -0.000564956    -0.000548778
    -0.000552262    -0.000533116
    -0.000408195    -0.000420949
    -0.000313892    -0.000277695
      3.9171e-05    -1.57931e-05
    -0.000513307    -0.000493534
    -0.000620934    -0.000641609
      -8.279e-05    -0.000475216
     -0.00031947    -0.000341966
     -0.00041235    -0.000564927
     0.000181672     0.000164142
    -0.000673663    -0.000745128
    -0.000125702     -0.00025359
     0.000357927     4.55776e-06
    -0.000369226    -0.000315463
      -0.0001242    -0.000137072
    -0.000480011    -0.000500278
    -0.000240974    -0.000180741
     -0.00114592     -0.00132721
    -0.000353808    -0.000559073
    -0.000347427    -0.000256311
    -0.000495051    -0.000486915
    -0.000643239    -0.000643537
      0.00200636      0.00176138
     0.000427491     0.000383711
    -0.000535267    -0.000555992
      0.00454017      0.00494255
      0.00092693     0.000564643
      -0.0005242    -0.000644618
    -0.000488957    -0.000481971
      0.00597991      0.00644435
      0.00134961       0.0013931
     0.000598753     0.000573615
    -0.000873231    -0.000847964
        0.016851       0.0143135
     -8.8656e-05    -0.000117615
    -0.000942911    -0.000962809
    -0.000201665    -0.000267808
    -0.000901086      -0.0010042
    -0.000501625    -0.000577935
    -0.000842587    -0.000877519
    -0.000224856    -0.000171712
    -0.000983931     -0.00147275
     -0.00071404    -0.000636788
     0.000697438      0.00113325
    -0.000438542     -0.00062281
    -0.000831153    -0.000842622
    -0.000335046    -0.000301169
      0.00186465      0.00140891
    -0.000413832     -0.00043067
     -0.00107993     -0.00113374
    -0.000636698     -0.00062757
      0.00402906      0.00336638
     0.000314027     0.000293341
      0.00471652      0.00410966
    -0.000780999    -0.000836954
      0.00427176       0.0042553
    -0.000872269    -0.000854692
     -0.00042661    -0.000448621
    -0.000561536    -0.000593745
      0.00040994     0.000262391
    -0.000972339    -0.000981981
     0.000248579     8.37056e-05
    -0.000505669     -0.00050923
    -0.000500574    -0.000631306
    -0.000465892    -0.000455876
    -0.000987208     -0.00106821
      0.00025896     0.000281565
       0.0017675     0.000791388
      0.00372732      0.00289002
    -0.000458598    -0.000424719
    -0.000628003    -0.000600687
      0.00571796      0.00483558
    -0.000598426    -0.000610011
     0.000953144     0.000699064
      0.00862709      0.00751154
    -0.000989015     -0.00108102
      0.00246769      0.00218713
    -0.000526278    -0.000484008
    -0.000706343    -0.000751365
       0.0058926      0.00624446
     -0.00027992     -0.00030199
    -0.000419933    -0.000315154
    -0.000777285    -0.000780019
    -0.000742912    -0.000660909
    -0.000549928    -0.000498916
    -0.000767009    -0.000757489
     -6.0159e-05     -9.8488e-05
    -0.000113934     -9.4597e-05
     -0.00125253     -0.00145395
      0.00817719      0.00738188
       0.0111575        0.012726
       0.0039837      0.00448209
      0.00020927     0.000237428
    -0.000841853     -0.00082217
     -3.8879e-05     -2.1884e-05
    -0.000565208    -0.000558733
    -0.000736629    -0.000757362
    -0.000302204    -0.000381997
      8.9839e-05    -8.72582e-05
    -0.000495601    -0.000427758
    -0.000617727    -0.000583316
    -0.000575957    -0.000586853
      0.00466619      0.00414415
    -0.000657405    -0.000628629
     0.000889836     0.000980825
     -0.00048374    -0.000475396
      -0.0005132    -0.000489319
     -9.2298e-05    -7.71275e-05
    -0.000114909     6.52369e-05
    -0.000633936    -0.000653615
    -0.000269785    -0.000261878
       -8.88e-06     2.22839e-05
    -0.000383771    -0.000404895
     0.000744138     0.000369247
    -0.000237283    -6.53013e-05
    -0.000900675    -0.000793545
     -0.00104555     -0.00121054
    -0.000851808    -0.000915621
    -0.000324921     -0.00041508
    -0.000879234    -0.000948813
    -0.000673327    -0.000682888
    -0.000596252    -0.000629319
    -0.000518633     -0.00022322
     0.000858567     0.000517151
    -0.000590978    -0.000545757
      0.00281178      0.00277986
      0.00521134      0.00419437
       0.0014744      0.00178002
    -0.000357781    -0.000319092
    -0.000369342    -0.000357667
    -0.000479523    -0.000486014
    -0.000184484    -0.000231078
       0.0108476       0.0101427
    -0.000767954    -0.000776171
    -0.000519758     -0.00058171
      -0.0006955    -0.000714214
    -0.000936432    -0.000801944
    -0.000564586     -0.00056574
      0.00020287     0.000230856
    -0.000863153    -0.000889351
    -0.000420269    -0.000437969
      0.00466457      0.00415593
      0.00997529       0.0102874
    -0.000791263    -0.000979009
       0.0031721      0.00268239
    -0.000730252     -0.00072524
    -0.000598879    -0.000629697
    -0.000664141    -0.000675252
      -5.561e-05     0.000282726
       0.0027531      0.00202968
    -0.000329072    -0.000317646
    -0.000408703    -0.000282694
     0.000679848     0.000564896
    -0.000222079    -0.000149019
    -0.000617618    -0.000709497
    -0.000354654    -0.000334805
     0.000765266     0.000221452
      0.00358745      0.00343674
    -0.000461721     -0.00050123
     0.000819793     0.000253413
    -0.000290936    -0.000860259
    -0.000869055    -0.000916279
      0.00531239      0.00552878
    -0.000541514    -0.000603881
     0.000162234     0.000392252
    -0.000392098    -0.000436835
    -0.000490849    -0.000481244
    -0.000190219    -0.000141083
    -0.000711611    -0.000733806
    -0.000523716     -0.00061816
    -0.000487718    -0.000477171
     0.000125271     9.96378e-05
    -0.000956057     -0.00107949
    -0.000347245    -0.000336737
    -0.000502913    -0.000581773
    -0.000515082    -0.000584351
     -0.00106839     -0.00108678
    -0.000288483    -0.000248612
      0.00212674      0.00170275
    -0.000498583    -0.000526676
    -0.000535891    -0.000512745
    -0.000539336    -0.000469362
    -0.000499931     -0.00091701
       0.0100254      0.00629014
       0.0168128        0.015197
      0.00142699      0.00140144
     0.000468042     0.000556314
      0.00289095      0.00268172
    -0.000348679    -0.000360391
    -0.000918444    -0.000912596
      0.00686086      0.00571216
      0.00621817      0.00594169
     -0.00104168      -0.0011189
      0.00468622       0.0069785
    -0.000668375    -0.000655991
      0.00128673      0.00101418
      0.00111089      0.00110184
    -0.000538134    -0.000573193
    -0.000589811    -0.000510318
     -0.00100834    -0.000971104
    -0.000630562    -0.000661349
      0.00420488      0.00428011
     -0.00051484    -0.000512182
     0.000194849     0.000293706
    -0.000541903    -0.000522694
    -0.000582098    -0.000546463
     0.000701394     0.000580947
     0.000218959     5.08288e-05
     -0.00084504    -0.000899096
    -0.000109413    -0.000160949
    -0.000417974    -0.000436199
    -0.000481462    -0.000555701
      0.00402649      0.00276857
     0.000620552     0.000540194
      -5.923e-05    -8.86599e-05
      1.5935e-05    -0.000114013
      0.00486487      0.00462686
    -0.000318924    -0.000291028
    -0.000889898    -0.000963179
     0.000818503      0.00060344
    -0.000309201     -0.00023596
    -0.000394065     -0.00038363
      0.00214988      0.00227161
     -0.00042396    -0.000443164
    -0.000768957    -0.000711094
      0.00637452      0.00661614
    -0.000724899    -0.000748692
    -0.000317954    -0.000263005
    -0.000468097    -0.000429922
     0.000445166     0.000207553
    -0.000941211    -0.000908416
    -0.000377879     -0.00039121
     0.000178916       5.904e-05
    -0.000135259    -0.000287831
      0.00445816      0.00509177
     -0.00071348    -0.000729844
    -0.000531821    -0.000563405
      0.00927705      0.00880239
     0.000576387     0.000334477
    -0.000423667    -0.000468345
    -0.000538476    -0.000469358
     0.000962271     0.000346858
     0.000156829     0.000103931
    -0.000459193    -0.000461157
       0.0032914      0.00333689
    -0.000286992    -0.000307576
     0.000359455     4.32799e-05
    -0.000519319    -0.000564833
    -0.000680415    -0.000647715
     0.000623037    -1.58181e-05
      0.00174199      0.00218524
    -0.000607291    -0.000501442
    -0.000432416    -0.000416949
    -0.000325417    -0.000372158
    -0.000381406    -0.000321009
    -0.000336915    -0.000107899
    -0.000454133     -0.00049087
    -0.000647124    -0.000613819
     -0.00128928     -0.00150234
      0.00710179      0.00458785
    -0.000276792    -0.000251312
      0.00157505      0.00135544
     0.000343686     0.000371282
    -0.000484192    -0.000514034
    -0.000538567    -0.000517635
    -0.000846522    -0.000908659
    -0.000901209    -0.000974058
      0.00140503      0.00117519
     -0.00054321    -0.000583803
    -0.000859789    -0.000921311
      0.00494428      0.00361151
     0.000314664      0.00043575
     0.000592584     0.000567733
     0.000767337     0.000817934
    -0.000346036    -0.000334627
    -0.000597097    -0.000560252
      0.00232617      0.00222206
    -0.000727549    -0.000719775
     0.000692761     0.000426144
    -0.000649435    -0.000682748
    -0.000671259    -0.000682728
     -0.00032689    -0.000438914
     0.000188506     9.77638e-05
     -5.7605e-05    -0.000233655
     0.000333794     0.000478408
     0.000545457     0.000420736
    -0.000656295    -0.000682197
    -0.000369187    -0.000258223
     -3.6281e-05    -8.31267e-05
    -0.000747649    -0.000717406
     0.000715473     0.000540102
    -0.000383421     -0.00039027
    -0.000830086      -0.0010161
      0.00103926      0.00185523
      0.00295247      0.00350275
    -0.000626936    -0.000647856
    -0.000535943     -0.00047769
    -0.000424664    -0.000450661
    -0.000355711    -0.000318357
    -0.000739494    -0.000698431
      0.00142846      0.00100798
    -0.000251366    -0.000166092
    -0.000165574    -0.000164721
      0.00185401      0.00221221
     -0.00098421    -0.000986252
    -0.000875837    -0.000735148
    -0.000232976    -0.000325469
       0.0027833      0.00374351
      0.00484371      0.00465918
    -0.000453926    -0.000457471
    -0.000544981    -0.000516166
      0.00449246      0.00383764
    -0.000814578    -0.000745051
      0.00216784      0.00173745
      7.0731e-05      3.4892e-05
    -0.000307539    -0.000211325
    -0.000500612    -0.000485695
      7.6271e-05    -9.04594e-05
      8.9396e-05       5.362e-05
       0.0027381      0.00264185
      0.00130759      0.00117711
      9.2637e-05    -0.000198724
    -0.000458716    -0.000446975
    -0.000907345    -0.000886126
       0.0217112       0.0243891
    -0.000469807    -0.000450492
    -0.000956602     -0.00098277
    -0.000862855    -0.000846054
      3.0244e-05     0.000158754
    -0.000632688    -0.000759219
     0.000253265      0.00113782
      0.00559605      0.00580961
     -8.1118e-05     0.000154727
    -0.000497817    -0.000452238
    -0.000775888    -0.000814127
       0.0049658      0.00533223
    -0.000480455    -0.000471313
     0.000638606     0.000346627
    -0.000342646     -0.00104597
     -0.00068746    -0.000682921
    -0.000619189    -0.000623565
     0.000487075     0.000729928
     0.000267686     0.000430425
     -0.00063803    -0.000552804
     -0.00107905     -0.00119033
    -0.000851239    -0.000867499
    -0.000480629    -0.000578537
       0.0058817      0.00940859
      0.00483083      0.00503546
      0.00125011     0.000955473
    -0.000536161    -0.000551301
      0.00113305     0.000410962
    -0.000825142    -0.000836984
    -0.000414495    -0.000448364
    -0.000902684    -0.000963258
    -0.000905846    -0.000968686
     0.000182651     0.000109566
     -9.4842e-05     -0.00012189
    -0.000746889    -0.000728555
      0.00275257      0.00216349
    -0.000360156    -0.000309854
    -0.000586578    -0.000583665
       0.0139928        0.014274
    -0.000343867    -0.000192255
    -0.000382207    -0.000369085
    -0.000549889    -0.000496937
    -0.000378469    -0.000241097
      0.00140507      0.00170786
      0.00313482       0.0033628
    -0.000871486    -0.000771772
     -0.00032176    -0.000322178
    -0.000726648    -0.000787168
       0.0148155       0.0136043
    -0.000845903    -0.000907712
    -0.000177581    -0.000139464
      0.00402206      0.00627355
    -0.000884846    -0.000881564
    -0.000941916    -0.000888422
      0.00566287      0.00569903
    -0.000372921    -0.000372785
    -0.000471048    -0.000498358
     0.000941449      0.00083759
    -0.000234474    -0.000357948
    -0.000774848    -0.000806794
     -0.00128654     -0.00149637
       0.0065219      0.00834364
    -0.000630685    -0.000649167
    -0.000780273    -0.000785348
     0.000178017    -0.000248901
       0.0126456       0.0122894
     -0.00089018     -0.00094414
     -1.8473e-05    -0.000108502
      0.00184602      0.00211273
     -0.00103417     -0.00114687
    -0.000811626    -0.000826439
     0.000518534     0.000266654
    -0.000399504    -0.000372526
      0.00630146      0.00533474
      -0.0011408     -0.00124293
    -0.000180016    -0.000153928
    -0.000419491    -0.000363739
     0.000382352     0.000397516
       0.0109424      0.00954909
    -0.000238413    -0.000176692
     0.000185226     0.000112427
      0.00237136      0.00262783
    -0.000387288    -0.000349391
      0.00183683      0.00122542
      0.00767682      0.00716923
    -0.000409763    -0.000456126
    -0.000610536    -0.000511418
    -0.000671683    -0.000636492
    -0.000608487     -0.00063018
    -0.000358201    -0.000384777
     -0.00030154    -0.000267775
    -0.000392797    -0.000352865
    -0.000900713    -0.000872652
     0.000715112     0.000614838
    -0.000181733    -0.000234543
     -0.00065542    -0.000691275
    -0.000416559    -0.000457342
    -0.000867969    -0.000890265
    -0.000200945    -0.000176354
      0.00394657      0.00518233
     -0.00073228     -0.00070438
     0.000721035     0.000587746
    -0.000713291    -0.000714457
     0.000473457     0.000185808
      0.00310848       0.0026019
     0.000511836     0.000623536
      0.00165506      0.00143461
     0.000578529     0.000462479
    -0.000514527    -0.000501319
      0.00239249      0.00224753
    -0.000209416    -0.000180533
    -0.000409923     -0.00041092
      4.2291e-05     -0.00023508
      0.00179061       0.0027757
    -0.000752279     -0.00077814
    -0.000171679    -0.000262975
     -5.7317e-05    -0.000102271
     -0.00036568    -0.000266724
    -0.000591312    -0.000616354
    -0.000760209      -0.0007309
    -0.000386082    -0.000533233
    -0.000431361    -0.000321641
     -0.00120302     -0.00136389
    -0.000112072    -0.000144047
     0.000306339    -0.000286165
    -0.000425108    -0.000617651
    -0.000281483    -0.000276589
    -0.000379743    -0.000377226
     -0.00042112    -0.000366821
     0.000986643      0.00110783
    -0.000487877    -0.000547058
    -0.000887119    -0.000940436
    -0.000834616    -0.000868896
    -0.000601785    -0.000550594
      0.00022156     9.64625e-05
     -5.4099e-05    -4.68029e-05
     -0.00069759    -0.000720646
     -0.00085811    -0.000902708
    -0.000652373    -0.000633093
    -0.000288608    -0.000260421
      0.00833759        0.007462
    -0.000605835    -0.000583021
      0.00299829      0.00284367
    -0.000488865    -0.000752583
     0.000972741     0.000685383
    -0.000468508    -0.000464134
    -0.000451918    -0.000472805
    -0.000624879     -0.00061002
    -0.000583487    -0.000588989
    -0.000921988    -0.000971604
       0.0123778       0.0123714
      0.00487344       0.0055754
    -0.000827746    -0.000719435
      0.00715621      0.00643841
      0.00053609     0.000674386
    -0.000380602    -0.000375922
      0.00100263       0.0007112
    -0.000778684    -0.000816835
      0.00414069      0.00360479
    -0.000336788    -0.000361883
     0.000133021    -0.000257406
    -0.000431271    -0.000445659
      0.00108011      0.00143175
    -0.000817845    -0.000883323
    -0.000377224    -0.000529683
      0.00423352      0.00462857
    -0.000199206    -0.000354251
    -0.000410688    -0.000405136
     0.000168889    -6.69474e-05
    -0.000955443    -0.000900479
    -0.000728053    -0.000705751
    -0.000448694    -0.000506576
    -0.000563964    -0.000630938
    -0.000281813    -0.000240247
    -0.000345654    -0.000379746
      0.00392868      0.00446703
      0.00494595       0.0046826
    -0.000638355    -0.000761505
    -0.000223126    -0.000166017
    -0.000136381    -0.000231489
    -0.000186657    -0.000216544
    -0.000421867     -0.00042572
    -0.000557991    -0.000568791
    -0.000601241    -0.000548664
    -0.000943246     -0.00103994
    -0.000580067    -0.000523116
    -0.000965032     -0.00126602
    -0.000473697    -0.000394091
     -0.00038649    -0.000222511
    -0.000780225    -0.000849692
      0.00259322      0.00248339
    -0.000991047     -0.00097981
     -0.00087573    -0.000922567
    -0.000398968    -0.000404733
     0.000107239     0.000104915
     -0.00037393    -0.000393543
      0.00487687      0.00396071
    -0.000322228    -0.000415756
    -0.000509316    -0.000444908
    -0.000361988    -0.000339942
      0.00338696      0.00331827
     -0.00104623     -0.00103896
       -0.001149      -0.0011659
      0.00442539      0.00519956
    -0.000804979    -0.000809316
    -0.000757248    -0.000747323
    -0.000501937    -0.000433658
      -0.0012391     -0.00136669
     -0.00060708    -0.000604366
    -0.000888069     -0.00096244
      0.00307434      0.00322053
     -0.00114978     -0.00139342
      0.00272358      0.00234854
    -0.000370045    -0.000399896
        0.007803      0.00898763
    -0.000576947    -0.000667481
    -0.000244665     -0.00027084
      0.00051777     0.000317402
     0.000147852     2.02175e-05
    -0.000183873    -9.68406e-05
    -0.000225533    -0.000180826
    -0.000514531    -0.000441064
       0.0053763      0.00641226
      0.00223196      0.00247112
     -0.00074386    -0.000789691
    -0.000478538    -0.000455931
     0.000330899     0.000323624
    -0.000111859    -0.000103606
    -0.000366801    -0.000366308
        0.010585       0.0115334
    -0.000778788    -0.000832049
     0.000365559     -2.7177e-05
     0.000153088    -2.15925e-05
       0.0041903      0.00507881
      0.00191704      0.00197808
    -0.000332439    -0.000294769
    -0.000753028    -0.000749228
    -0.000272727    -0.000412343
    -0.000256366    -0.000315084
      0.00671472      0.00586551
    -0.000528484    -0.000544958
     -0.00146253      -0.0018575
    -0.000327883    -0.000353813
    -0.000650261    -0.000656127
    -0.000454473    -0.000414935
    -0.000859915    -0.000888076
    -0.000819225    -0.000850586
      0.00154619      0.00117995
     0.000172142     4.14724e-05
    -0.000348718    -0.000222561
    -0.000944757    -0.000887328
    -0.000521264    -0.000546765
    -0.000212562    -0.000272581
      0.00531562      0.00505502
     0.000520674     0.000157841
      0.00487771      0.00793516
    -0.000500961    -0.000467805
      0.00304902      0.00251614
     -0.00117509     -0.00114959
    -0.000620056     -0.00018081
     0.000131932     0.000200052
    -0.000355131    -0.000350627
     0.000560603       0.0005739
    -0.000354007    -0.000462241
    -0.000295203    -0.000303964
      0.00222615      0.00247543
    -0.000728511    -0.000710262
     0.000623345     0.000479866
      0.00221211      0.00260573
      0.00805036      0.00901415
    -0.000662855    -0.000752832
    -0.000966987     -0.00105374
     0.000859788      0.00212772
      0.00821213      0.00906848
    -0.000912696    -0.000969663
    -0.000202194    -0.000265925
     -0.00090043    -0.000877852
      0.00135734      0.00170674
      0.00230121      0.00231002
    -0.000654268    -0.000650306
      0.00152281       0.0015666
    -0.000637908    -0.000631343
      -0.0011125     -0.00119864
    -0.000697581    -0.000731395
    -0.000604836    -0.000577939
    -0.000371908    -0.000464975
    -0.000478275    -0.000934523
    -0.000749096    -0.000782741
    -0.000792914    -0.000730917
    -0.000760638    -0.000578001
    -0.000313474    -0.000245138
    -0.000397342     -0.00039095
    -0.000407132    -0.000312703
    -0.000929805    -0.000906741
    -0.000638296    -0.000714039
    -0.000424524    -0.000729778
      0.00451784      0.00451665
    -0.000301715    -0.000310791
      0.00333288      0.00369429
    -0.000634886    -0.000592289
      0.00511065       0.0045493
      0.00376868      0.00466033
    -0.000665619     -0.00078575
      0.00945691      0.00928854
       0.0109331       0.0124864
      0.00757486      0.00770023
    -0.000276637    -0.000252483
    -0.000265056    -0.000360032
    -0.000748658    -0.000787216
    -0.000432151     -0.00046662
    -0.000300558    -0.000263714
      0.00012255     0.000294928
    -0.000498404    -0.000545521
    -0.000163845    -0.000152528
    -0.000785079    -0.000796506
      0.00331345      0.00468005
      0.00504108      0.00553172
    -0.000830289    -0.000791721
      0.00138044      0.00129235
    -0.000692143    -0.000667378
    -0.000746013    -0.000695891
     -0.00020325    -0.000476653
     0.000133025    -3.66291e-05
       0.0045128      0.00506021
    -0.000165908    -0.000167576
      0.00345861      0.00467332
      0.00152391      0.00163378
    -0.000566185    -0.000602522
    -0.000855208    -0.000828816
      -0.0008941    -0.000891046
    -0.000876101     -0.00084989
      0.00146308      0.00145521
      0.00409889      0.00322087
      0.00717019      0.00783123
    -0.000447128    -0.000415309
    -0.000380631    -0.000289414
     0.000512291     0.000396915
      0.00109947      0.00121708
       0.0017492      0.00164339
     0.000866351      0.00085299
    -0.000268257    -0.000328957
    -0.000292314    -0.000271952
    -0.000373411    -0.000324709
    -0.000607932    -0.000586844
    -0.000268223    -0.000321655
    -0.000420675    -0.000451393
    -0.000300729    -0.000254753
    -0.000360129    -0.000431879
     0.000617791     0.000400048
      0.00422312      0.00476065
      0.00391476      0.00458815
     0.000274137     8.61215e-05
      0.00194449      0.00147137
    -0.000521236    -0.000619622
      0.00157657       0.0014741
     -0.00120346     -0.00120342
    -0.000661024    -0.000636771
    -0.000704048     -0.00068257
    -0.000529585    -0.000540148
    -0.000701608    -0.000637769
    -0.000241651    -0.000216121
    -0.000334798    -0.000321079
    -0.000440736    -0.000435789
    -0.000716343    -0.000675283
    -0.000680616    -0.000689334
    -0.000630312    -0.000738468
     -0.00101743     -0.00119755
    -0.000516047    -0.000520016
    -0.000446774    -0.000423871
    -0.000772826     -0.00077296
      0.00516258      0.00483789
    -0.000756382    -0.000803692
     0.000412781     0.000204232
      0.00441808      0.00482897
    -0.000719738    -0.000728474
    -0.000229648    -0.000310404
     -0.00060978    -0.000667775
    -0.000472564    -0.000554875
    -0.000591126    -0.000588845
    -0.000299837    -0.000260891
    -0.000351513    -0.000327833
    -0.000635433    -0.000644828
      0.00632923      0.00628561
    -0.000244933    -0.000280183
    -0.000317891    -0.000293409
    -0.000563175     -0.00118569
     -4.7785e-05    -1.02326e-05
       0.0144085       0.0145624
      0.00716688      0.00728571
    -0.000915819    -0.000896305
      0.00477696      0.00478504
    -0.000455759    -0.000446217
    -0.000638922    -0.000582097
    -0.000525607    -0.000565465
     0.000651402     0.000226165
    -0.000332098    -0.000433221
    -0.000779141    -0.000854001
      0.00786599      0.00930698
    -0.000400246    -0.000411485
     -3.5902e-05     -0.00024589
      0.00411856      0.00327318
     0.000508057     0.000327613
    -0.000359058    -0.000248936
    -0.000763641    -0.000726048
    -0.000282286    -0.000248389
      0.00187611       0.0017619
      -0.0011156     -0.00113986
    -0.000301108    -0.000325185
    -0.000294639    -0.000433798
     0.000700779      0.00138527
    -0.000648276    -0.000939197
    -0.000834692    -0.000900054
    -0.000438895    -0.000575342
    -0.000438976    -0.000410407
     -0.00039694    -0.000347342
    -0.000442461      -0.0004003
    -0.000356512    -0.000353895
     -0.00022029    -0.000214912
     0.000605919     0.000653828
     0.000414716     0.000430604
    -0.000739412    -0.000802726
      0.00341974      0.00350355
     -0.00036393    -0.000356615
      0.00127112      0.00136019
    -0.000945591    -0.000910049
       0.0102508      0.00950185
       0.0036445      0.00317876
    -0.000870377    -0.000697366
    -0.000579738    -0.000562877
     0.000121907     0.000170769
    -0.000150549    -0.000271425
     0.000238999     0.000154145
     -0.00057037    -0.000584549
    -0.000416039    -0.000401704
    -0.000226741    -0.000245371
       0.0172558       0.0154608
    -0.000408563    -0.000416615
     0.000634547     0.000430251
      0.00108627      0.00110111
    -0.000473211    -0.000571152
      0.00132068      0.00113643
      0.00645194      0.00722563
      0.00196375      0.00181063
      0.00479264      0.00682196
      0.00271255      0.00254818
    -0.000832766    -0.000876302
    -0.000464084    -0.000446637
    -0.000592357    -0.000593994
    -0.000792362    -0.000789869
    -0.000370861    -0.000377734
    -0.000479061    -0.000582243
    -0.000366313    -0.000363619
     0.000124588     1.01518e-05
       0.0031002      0.00335256
    -0.000299184    -0.000259347
     -0.00034341    -0.000368016
    -0.000471508     -0.00026894
    -0.000338467    -0.000201806
     -0.00033501     -0.00033399
     -0.00109413     -0.00119721
    -0.000236828    -0.000218996
    -0.000934462    -0.000951176
    -0.000504118    -0.000451773
    -0.000452589    -0.000439125
    -0.000862186    -0.000886452
    -0.000274777    -0.000385258
    -0.000461525    -0.000460292
     0.000258375     0.000206116
    -0.000614048    -0.000706972
    -0.000644123    -0.000613395
    -0.000689299    -0.000671709
      9.9223e-05     5.70767e-05
     0.000186257      0.00029197
    -0.000514607    -0.000511329
      0.00147061      0.00149954
    -0.000701289    -0.000666108
    -0.000610324    -0.000628387
     -0.00075256    -0.000930392
      0.00666169      0.00857936
     -0.00055493    -0.000533122
    -0.000513579    -0.000504821
    -0.000542925     -0.00064701
    -0.000434798    -0.000552787
      0.00312469      0.00216669
     0.000146519     0.000117315
    -0.000259317    -0.000194067
    -0.000227556     -0.00020956
      0.00370983      0.00375476
    -0.000474469    -0.000482772
      0.00477141       0.0055175
    -0.000885476    -0.000883056
    -0.000517453     -0.00044746
    -0.000687698    -0.000724354
      0.00131444      0.00124702
        0.014713       0.0134117
    -0.000562591    -0.000756048
    -0.000325682    -0.000381651
    -0.000964517    -0.000909484
    -0.000611929    -0.000591016
    -0.000635238    -0.000593401
    -0.000465526    -0.000486317
     -0.00145618     -0.00171071
    -0.000879871    -0.000890444
    -0.000144442    -0.000240799
      0.00314819      0.00271307
        0.015162       0.0156264
    -0.000407105    -0.000467252
    -0.000656169    -0.000672177
    -0.000632884    -0.000700586
       0.0161113       0.0159627
      -0.0011001     -0.00137157
      0.00287458      0.00196211
    -0.000677304    -0.000728421
      0.00133103      0.00131324
    -0.000574988    -0.000627108
    -0.000646485    -0.000670738
    -0.000573977    -0.000538459
      0.00557243      0.00547469
     0.000469059     0.000498527
    -0.000135122    -0.000138504
    -0.000570155    -0.000564227
    -0.000577901    -0.000730387
     0.000455948     0.000524166
     0.000672205      0.00132753
    -0.000151452    -0.000139855
    -0.000582975    -0.000578211
      0.00277514      0.00225297
      0.00285213      0.00264079
    -0.000751947     -0.00074392
     0.000307568     0.000271484
      0.00318171      0.00344972
    -0.000752121    -0.000779404
    -0.000286622    -8.01567e-05
     0.000618676     0.000424406
    -0.000438338     -0.00040486
      0.00983559      0.00857786
    -0.000718699    -0.000787389
    -0.000895631      -0.0010291
     0.000820958     0.000856114
    -0.000660752    -0.000678683
    -0.000554489    -0.000507511
       0.0109928      0.00974229
     0.000413101     0.000481297
     0.000458937     0.000450252
     0.000279876     0.000388883
     -0.00082089    -0.000816209
      0.00172044     0.000598744
     0.000247823     0.000241156
      0.00377118      0.00397068
    -0.000702831    -0.000696614
    -0.000601774    -0.000550633
      0.00681595      0.00616461
      0.00087984     0.000924947
    -0.000516406    -0.000490046
      0.00386521      0.00316312
      0.00109292     0.000732809
       0.0117327       0.0104396
      0.00327281      0.00292319
    -0.000917116     -0.00090364
    -0.000777523    -0.000799025
    -0.000362556    -0.000380741
