# Eelst 		 Emultipole 
     -0.02681411      -0.01443747
     -0.01851644      -0.01290857
     -0.01186890      -0.00944928
     -0.00759601      -0.00663296
     -0.00358299      -0.00347436
     -0.00200471      -0.00201589
     -0.00124946      -0.00126892
     -0.00058622      -0.00059753
     -0.02789281      -0.01629810
     -0.01501452      -0.01074157
     -0.00878410      -0.00731393
     -0.00559665      -0.00515240
     -0.00277332      -0.00279468
     -0.00161290      -0.00166361
     -0.00107057      -0.00110340
     -0.00054106      -0.00055542
     -0.00019266      -0.00019719
     -0.02447531      -0.00916876
     -0.01828568      -0.01051437
     -0.01151012      -0.00837662
     -0.00733607      -0.00611591
     -0.00370778      -0.00353811
     -0.00224633      -0.00223290
     -0.00149517      -0.00150569
     -0.00077985      -0.00079148
     -0.04114524      -0.02241845
     -0.02129348      -0.01334900
     -0.01207885      -0.00890533
     -0.00760250      -0.00637090
     -0.00381635      -0.00364911
     -0.01934448      -0.01071332
     -0.00879787      -0.00717310
     -0.00590105      -0.00531283
     -0.00306153      -0.00304211
     -0.02777245      -0.01314685
     -0.01435560      -0.00875087
     -0.00821795      -0.00612164
     -0.00526734      -0.00449956
     -0.00279244      -0.00270988
     -0.03408762      -0.01840567
     -0.01792119      -0.01186916
     -0.01021658      -0.00798282
     -0.00637194      -0.00559257
     -0.00310627      -0.00304862
     -0.01297195      -0.00695493
     -0.00771336      -0.00539751
     -0.00513566      -0.00426912
     -0.00289317      -0.00279756
     -0.00191618      -0.00192664
     -0.00135950      -0.00138016
     -0.00076122      -0.00077549
     -0.00030736      -0.00031353
     -0.00357723       0.00138923
     -0.00043732      -0.00020293
     -0.00589331      -0.00010277
      0.00010989       0.00031776
      0.00585277       0.00925607
     -0.01313825      -0.00633785
     -0.00317509      -0.00280592
     -0.00652104      -0.00442032
     -0.01430032      -0.00704353
     -0.00367800      -0.00326872
     -0.00730238      -0.00503096
     -0.01217141      -0.00546702
     -0.00328372      -0.00295539
     -0.00625825      -0.00422667
     -0.01616286      -0.00906284
     -0.00427910      -0.00388224
     -0.00842137      -0.00619623
     -0.00951375      -0.00349280
     -0.00248444      -0.00223314
     -0.00471574      -0.00295809
     -0.01113902      -0.00374168
     -0.00144840      -0.00096688
     -0.00450435      -0.00209166
     -0.00650668      -0.00132798
     -0.00123839      -0.00099735
     -0.00275914      -0.00121448
     -0.00813940      -0.00238852
     -0.00192880      -0.00163507
     -0.00384575      -0.00208903
     -0.01087707      -0.00507083
     -0.00303087      -0.00272572
     -0.00567672      -0.00388932
     -0.00811458      -0.00245469
     -0.00216113      -0.00188226
     -0.00402105      -0.00230398
     -0.01079049      -0.00544724
     -0.00304192      -0.00277211
     -0.00568296      -0.00405745
     -0.00305296       0.00340278
      0.00084124       0.00127935
      0.00006578       0.00218831
     -0.01264200      -0.00621137
     -0.00293218      -0.00261759
     -0.00614978      -0.00420695
     -0.01464144      -0.00771476
     -0.00356483      -0.00319112
     -0.00732231      -0.00516827
     -0.01519057      -0.00827343
     -0.00395810      -0.00358187
     -0.00782283      -0.00566761
     -0.00331380      -0.00297293
     -0.00651946      -0.00445927
     -0.01404361      -0.00772339
     -0.00376466      -0.00346585
     -0.00729266      -0.00539455
     -0.01183351      -0.00454733
     -0.00156626      -0.00106594
     -0.00487312      -0.00245381
     -0.00486941      -0.00048125
     -0.00020086       0.00000635
     -0.00144239      -0.00017478
     -0.00694945      -0.00195116
     -0.00109848      -0.00084497
     -0.00284517      -0.00136471
     -0.00908537      -0.00388471
     -0.00205482      -0.00178435
     -0.00432999      -0.00277458
     -0.00945753      -0.00423185
     -0.00213526      -0.00184626
     -0.00453440      -0.00295034
     -0.00882917      -0.00422801
     -0.00197758      -0.00176460
     -0.00420264      -0.00286725
      0.00232914       0.00824119
      0.00245545       0.00286810
      0.00317442       0.00509755
      0.00053439       0.00584070
      0.00214515       0.00248260
      0.00232774       0.00400505
     -0.00026897       0.00551953
      0.00178561       0.00214271
      0.00181108       0.00363780
     -0.00266963       0.00315174
      0.00064243       0.00100478
      0.00007582       0.00192046
     -0.00128335       0.00449852
      0.00119269       0.00154405
      0.00100069       0.00282137
     -0.00356046       0.00180282
      0.00015139       0.00049391
     -0.00066250       0.00104191
      0.00028020       0.00678343
      0.00226828       0.00273843
      0.00235773       0.00451984
     -0.00097646       0.00330205
      0.00100790       0.00118865
      0.00087018       0.00207213
     -0.00395849       0.00077775
     -0.00004055       0.00017678
     -0.00097313       0.00039587
     -0.00939947      -0.00431837
     -0.00211865      -0.00184631
     -0.00450936      -0.00297876
     -0.00655237      -0.00161640
     -0.01042403      -0.00562963
     -0.00267894      -0.00242605
     -0.00533350      -0.00390078
     -0.00180222       0.00381123
      0.00162147       0.00579087
      0.00262022       0.00286848
      0.00300670       0.00425336
      0.00128650       0.00590983
      0.00255553       0.00282497
      0.00287899       0.00426691
      0.00033128       0.00504583
      0.00206379       0.00235702
      0.00216110       0.00360117
      0.00036337       0.00504496
      0.00210901       0.00239740
      0.00220622       0.00363238
     -0.00031671       0.00395723
      0.00165605       0.00193076
      0.00157533       0.00288192
      0.00082062       0.00594112
      0.00202839       0.00232052
      0.00234257       0.00391205
      0.00140281       0.00605441
      0.00270771       0.00298612
      0.00303150       0.00443682
      0.00295185       0.00324334
      0.00338840       0.00492079
      0.00121516       0.00632214
      0.00264844       0.00294108
      0.00297053       0.00450950
      0.00196872       0.00701307
      0.00293986       0.00321792
      0.00346651       0.00497182
      0.00064457       0.00534065
      0.00222680       0.00251023
      0.00240203       0.00382565
     -0.00220257       0.00345253
      0.00112878       0.00146204
      0.00059712       0.00235502
      0.00314439       0.00727245
      0.00317161       0.00340290
      0.00398304       0.00519809
      0.00260839       0.00715987
      0.00307468       0.00332482
      0.00375644       0.00510241
      0.00068975       0.00536335
      0.00220751       0.00249683
      0.00239872       0.00382367
     -0.00027380       0.00404026
      0.00161598       0.00190520
      0.00155788       0.00289180
     -0.01173749      -0.00506794
     -0.00297682      -0.00264653
     -0.00586850      -0.00384115
     -0.01402952      -0.00688428
     -0.00340915      -0.00300531
     -0.00700055      -0.00475973
      0.01463280       0.02033416
      0.00494602       0.00556166
      0.00835149       0.01097688
     -0.01022834      -0.00440424
     -0.00269144      -0.00237632
     -0.00518747      -0.00338463
     -0.00808156      -0.00244165
     -0.00176806      -0.00148865
     -0.00370882      -0.00199718
     -0.01517175      -0.00807887
     -0.00406970      -0.00368722
     -0.00791538      -0.00572047
     -0.01419383      -0.00698050
     -0.00354259      -0.00314234
     -0.00715676      -0.00491094
     -0.00833384      -0.00337708
     -0.00142123      -0.00116723
     -0.00358247      -0.00210514
     -0.00592037      -0.00107761
     -0.00038809      -0.00013860
     -0.00193772      -0.00049914
     -0.00774513      -0.00032619
     -0.00186999       0.00050442
     -0.00203361       0.00379044
      0.00102418       0.00139312
      0.00058668       0.00243804
      0.00016973       0.00592952
      0.00210175       0.00245822
      0.00219986       0.00401682
     -0.00110965      -0.00087777
     -0.00270001      -0.00126028
     -0.00918902      -0.00400142
     -0.00200523      -0.00171672
     -0.00435723      -0.00278243
     -0.00378693       0.00101172
      0.00006814       0.00029557
     -0.00083858       0.00055703
      0.00162028       0.00201753
      0.00109240       0.00292345
      0.00071025       0.00536211
      0.00234058       0.00262406
      0.00250260       0.00391487
      0.00193564       0.00654575
      0.00292338       0.00319499
      0.00338880       0.00477525
     -0.01602562      -0.00871465
     -0.00400021      -0.00360872
      0.00150676       0.00663897
      0.00280041       0.00309828
      0.00318715       0.00473814
      0.00180847       0.00689927
      0.00302559       0.00331679
      0.00346163       0.00499397
      0.00103756       0.00564135
      0.00238976       0.00265183
      0.00266835       0.00404309
      0.00085142       0.00554261
      0.00230952       0.00260182
      0.00252991       0.00396236
      0.00278197       0.00736178
      0.00318057       0.00343638
     -0.00052470       0.00460267
      0.00168983       0.00199217
      0.00159726       0.00318135
     -0.01532247      -0.00801898
     -0.00396206      -0.00354076
     -0.00789224      -0.00559585
     -0.00628440      -0.00387970
     -0.01527392      -0.00818352
     -0.00311307      -0.00266491
     -0.00727598      -0.00495960
      0.00078299       0.00824706
      0.00233122       0.00290581
      0.00242323       0.00507798
     -0.00641824       0.00186379
      0.00111723       0.00175123
     -0.00082114       0.00203229
     -0.00363374       0.00585423
      0.00282062       0.00355839
      0.00167905       0.00499572
     -0.00728563      -0.00165804
     -0.00163053      -0.00134927
     -0.00332639      -0.00161600
     -0.00452511       0.00190488
      0.00004074       0.00045690
     -0.00107480       0.00101800
     -0.00711838      -0.00076549
     -0.00131236      -0.00092962
     -0.00305958      -0.00102313
     -0.00901380      -0.00097731
      0.00070472       0.00132694
     -0.00204109       0.00073908
     -0.00910810      -0.00196392
     -0.00023318       0.00029780
     -0.00293057      -0.00050822
     -0.00439809       0.00265487
      0.00077153       0.00127714
     -0.00053298       0.00184881
     -0.01262785      -0.00587508
     -0.00316843      -0.00283102
     -0.00633643      -0.00428333
     -0.00961944      -0.00233261
     -0.00087578      -0.00038461
     -0.00643066       0.00093661
     -0.00052094      -0.00005192
     -0.00211250       0.00029708
     -0.00101290       0.00684601
      0.00292035       0.00357094
      0.00242782       0.00534520
     -0.00851143      -0.00344102
     -0.00138706      -0.00110159
     -0.00363874      -0.00209657
     -0.00616727      -0.00067667
     -0.00053899      -0.00021629
     -0.00212314      -0.00041047
     -0.01374766      -0.00852617
     -0.00348526      -0.00323310
     -0.00712387      -0.00555245
     -0.01229890      -0.00632183
     -0.00202673      -0.00168386
     -0.00540823      -0.00353302
     -0.01072892      -0.00450825
     -0.00153877      -0.00116731
     -0.00441843      -0.00243445
      0.00191169       0.00227428
      0.00194438       0.00377623
     -0.00140952       0.00503661
      0.00130374       0.00174363
      0.00102805       0.00314559
     -0.00503933       0.00132712
     -0.00050264      -0.00010558
     -0.00165037       0.00040411
     -0.01656328      -0.00879192
     -0.00322117      -0.00270754
     -0.00780459      -0.00523410
     -0.01247496      -0.00549354
     -0.00270975      -0.00227223
     -0.01004107      -0.00319720
     -0.00210839      -0.00168924
     -0.00529019      -0.00037698
     -0.00027980      -0.00003307
     -0.00162721      -0.00017528
      0.00242451       0.00825066
      0.00231622       0.00270990
      0.00311631       0.00500003
     -0.00441230       0.00120185
     -0.00034788      -0.00003729
     -0.00131346       0.00041780
     -0.00966080      -0.00211324
     -0.00017903       0.00031320
     -0.00288019      -0.00042421
      0.00090788       0.00555085
      0.00248931       0.00277275
      0.00268147       0.00409108
     -0.00229735       0.00287232
      0.00078715       0.00108535
      0.00027948       0.00187292
     -0.00531199      -0.00007091
     -0.00053570      -0.00022168
     -0.00182094      -0.00018727
     -0.00814311      -0.00588274
     -0.01273821      -0.00660261
     -0.00346836      -0.00313406
     -0.00666415      -0.00476628
     -0.01209921      -0.00618923
     -0.00326873      -0.00296589
     -0.00626940      -0.00446193
      0.00233778       0.00741980
      0.00317047       0.00345567
      0.00376575       0.00528823
     -0.00265703       0.00297858
      0.00083170       0.00116037
      0.00021411       0.00196325
     -0.00271989       0.00291856
      0.00055668       0.00087981
     -0.00001068       0.00173360
      0.00184059       0.00644427
      0.00047419       0.00556429
      0.00179234       0.00207564
      0.00204680       0.00359975
     -0.00275900       0.00238365
      0.00041911       0.00070181
     -0.00015774       0.00141154
     -0.01555890      -0.00808609
     -0.00378296      -0.00336489
     -0.00780708      -0.00547062
      0.00144516       0.00169639
      0.00108340       0.00114556
      0.00078024       0.00080564
      0.00057082       0.00058627
      0.00024916       0.00029417
      0.00024233       0.00022807
      0.00018196       0.00017127
      0.00013458       0.00012930
      0.00003987       0.00004017
      0.00501335       0.00534382
      0.00256523       0.00263438
      0.00143977       0.00146268
      0.00087082       0.00088304
      0.00014242       0.00014477
     -0.00395751      -0.00381122
     -0.04128564      -0.02401548
     -0.02249665      -0.01504603
     -0.00818654      -0.00701433
     -0.00229453      -0.00229531
     -0.00147227      -0.00148853
     -0.00100587      -0.00102055
     -0.00025121      -0.00025595
     -0.00049609      -0.00039724
     -0.00021731      -0.00020580
     -0.00011425      -0.00011441
     -0.00001046      -0.00001080
     -0.00232293      -0.00226795
     -0.00139979      -0.00141505
     -0.00091816      -0.00093584
     -0.00063570      -0.00064900
     -0.00016246      -0.00016590
      0.00167300       0.00178440
      0.00095975       0.00097553
      0.00057159       0.00057441
      0.00035719       0.00035817
      0.00005765       0.00005790
     -0.00029728      -0.00016689
     -0.00017161      -0.00014493
     -0.00012452      -0.00011718
     -0.00009558      -0.00009311
     -0.00191638      -0.00178753
     -0.00119479      -0.00118843
     -0.00081920      -0.00082802
     -0.00058996      -0.00059911
      0.00128360       0.00139840
      0.00092321       0.00095423
      0.00066414       0.00067941
      0.00049040       0.00050054
      0.00014996       0.00015277
     -0.01524357      -0.00853566
     -0.00399577      -0.00364130
     -0.00790258      -0.00584069
     -0.01380181      -0.00646480
     -0.00250421      -0.00202504
      0.00176377       0.00452916
     -0.00934677      -0.00462490
     -0.00201112      -0.00175773
     -0.00602452      -0.00375714
     -0.00671763      -0.00038101
     -0.00025540       0.00014358
     -0.00206969      -0.00003961
      0.00285727       0.00312358
      0.00330464       0.00468322
     -0.01028420      -0.00417763
     -0.00261600      -0.00229061
     -0.00512716      -0.00324819
     -0.00140206       0.00606009
     -0.00526147      -0.00324605
     -0.00501151      -0.00299639
     -0.00168279       0.00005717
      0.00175505       0.00317913
      0.00284750       0.00453477
      0.00019692       0.00135055
      0.00388300       0.00523456
      0.00360171       0.00497669
      0.00177567       0.00474370
     -0.00304347       0.00023796
     -0.00607728      -0.00432066
     -0.00692668      -0.00509388
     -0.00338690       0.00434222
      0.00104969       0.00161088
      0.00001662       0.00251287
      0.00082470       0.00335632
     -0.02005906      -0.01211152
     -0.00497768      -0.00451807
     -0.00539265      -0.00342386
      0.01921124       0.02148106
      0.00435612       0.00702594
     -0.00034996       0.00751605
      0.00081358       0.00384618
     -0.00222982       0.00625472
      0.00288531       0.00356728
     -0.00391006       0.00457996
      0.00247009       0.00315779
     -0.00787457      -0.00187659
     -0.00142893      -0.00109831
      0.00600080       0.01322060
      0.00004067       0.00063692
     -0.00219498       0.00018164
     -0.00282931      -0.00103869
     -0.00061288       0.00508435
      0.00090005       0.00122166
      0.00099624       0.00276501
     -0.00966462      -0.00238986
      0.00020466       0.00178735
     -0.01022918      -0.00508108
     -0.00133992      -0.00112596
      0.00029801       0.00537618
     -0.00529892       0.00126925
     -0.01076385      -0.00485149
      0.00266034       0.00419627
      0.00100870       0.00590520
      0.00197175       0.00226859
      0.00235480       0.00387104
     -0.01174428      -0.00510044
     -0.00511298      -0.00298438
     -0.00921343      -0.00264792
     -0.00415511      -0.00227959
     -0.01958739      -0.01164875
     -0.00482568      -0.00437225
     -0.01158468      -0.00489563
     -0.00989149      -0.00421599
     -0.00292223      -0.00266880
     -0.00264864      -0.00229331
     -0.01220848      -0.00627593
     -0.00353586      -0.00324170
     -0.00650292      -0.00470804
     -0.00275443      -0.00238407
     -0.00704105      -0.00345004
     -0.00175117      -0.00157355
     -0.00350334      -0.00246064
     -0.00641605      -0.00364774
     -0.00145853      -0.00135803
     -0.00309878      -0.00236352
     -0.00392626      -0.00032845
      0.00003112       0.00025254
     -0.00103298       0.00005629
     -0.00592138      -0.00445194
     -0.00247237       0.00314101
      0.00023321       0.00050759
     -0.00237371       0.00170734
      0.00040109       0.00063544
     -0.00013213       0.00109951
      0.00201642       0.00233977
     -0.01604987      -0.00939727
     -0.00279023      -0.00072343
     -0.00047782      -0.00016575
     -0.00610947      -0.00195929
     -0.00111552      -0.00086415
     -0.00266015      -0.00138658
      0.00036509       0.00069718
     -0.00966771      -0.00312755
     -0.00455771      -0.00255454
     -0.01673345      -0.01019806
     -0.00391641      -0.00361342
     -0.00831587      -0.00633313
     -0.01100914      -0.00512201
     -0.00207336      -0.00187209
     -0.00485098      -0.00319652
     -0.01541564      -0.00882354
     -0.00301186      -0.00268414
     -0.00716326      -0.00513871
      0.00146894       0.00429247
      0.00420235       0.01032222
     -0.00162713      -0.00135741
     -0.00331823      -0.00166084
     -0.00308468       0.00195481
     -0.00001581       0.00026386
     -0.00061452       0.00093247
     -0.00157334       0.00427363
      0.00088680       0.00125547
      0.00062917       0.00249270
     -0.01663853      -0.00941657
     -0.01268726      -0.00710613
     -0.00337987      -0.00308485
     -0.00664321      -0.00492190
     -0.01196909      -0.00728919
     -0.00315498      -0.00294598
     -0.00627352      -0.00489686
     -0.01021137      -0.00447397
     -0.00212658      -0.00178093
     -0.00481746      -0.00300323
     -0.00233321       0.00529197
     -0.00001097       0.00254061
     -0.00197189       0.00653933
      0.00265560       0.00331457
      0.00195606       0.00489408
      0.00596775       0.00857535
     -0.00346256       0.00395718
      0.00165390       0.00220798
      0.00059639       0.00311565
     -0.00882279      -0.00057502
      0.00071938       0.00134487
     -0.00193222       0.00090140
      0.00121031       0.00752291
      0.00225565       0.00268517
      0.00268455       0.00478423
      0.00154431       0.00197190
      0.00092748       0.00302774
     -0.00786593      -0.00099933
     -0.00099834      -0.00055352
     -0.00304805      -0.00079769
      0.00116546       0.00720929
      0.00149458       0.00189743
      0.00191709       0.00394265
     -0.00818187      -0.00251157
     -0.00185166      -0.00159364
     -0.00378711      -0.00210014
     -0.00959514      -0.00363806
     -0.00217393      -0.00187370
     -0.00453370      -0.00272466
     -0.00755685      -0.00193494
     -0.00182109      -0.00156654
     -0.00355160      -0.00188195
     -0.00581079      -0.00367286
      0.00152734       0.00210095
     -0.00357524      -0.00158023
     -0.00522145      -0.00354123
     -0.01148476      -0.00914092
     -0.00116327       0.00031022
     -0.00715461      -0.00158218
     -0.00152592      -0.00124775
     -0.00322625      -0.00153516
     -0.00749930      -0.00269799
     -0.00320882      -0.00180006
     -0.00803308      -0.00237765
     -0.00174084      -0.00144787
     -0.00369662      -0.00196616
     -0.01009359      -0.00469314
     -0.00228369      -0.00202620
     -0.00485275      -0.00322607
     -0.00137754       0.00025015
     -0.01274443      -0.00629676
     -0.00192723      -0.00161131
     -0.01233952      -0.00603563
     -0.00191599      -0.00162587
     -0.00523524      -0.00334107
     -0.00812360      -0.00236073
     -0.00075987      -0.00055967
     -0.00282872      -0.00121315
     -0.01680215      -0.01013048
     -0.00382679      -0.00350241
     -0.00826854      -0.00622557
     -0.01495452      -0.00865600
     -0.00309122      -0.00281464
     -0.00705908      -0.00517582
     -0.01170451      -0.00573078
     -0.00253143      -0.00232442
     -0.00545087      -0.00376307
     -0.00102633       0.00397775
      0.00150324       0.00181258
      0.00127898       0.00284369
      0.00027313       0.00591942
      0.00172814       0.00206373
      0.00193427       0.00369971
     -0.00405578       0.00151019
      0.00016875       0.00048248
     -0.00081594       0.00090855
     -0.00668926      -0.00185000
     -0.00083471      -0.00056757
     -0.00259268      -0.00111359
     -0.01193467      -0.00635330
     -0.00318101      -0.00289435
     -0.00622698      -0.00451979
     -0.00944047      -0.00378799
     -0.00211347      -0.00180707
     -0.00450663      -0.00276004
     -0.01141738      -0.00673737
     -0.00303407      -0.00282976
     -0.00594883      -0.00457493
     -0.00556119       0.00018657
     -0.00001369       0.00035938
     -0.00151236       0.00033443
     -0.00125853       0.00448418
      0.00136590       0.00172354
      0.00112545       0.00294826
      0.00311963       0.00825945
      0.00233494       0.00265503
      0.00335976       0.00497461
     -0.00935416      -0.00366656
     -0.00197299      -0.00163795
     -0.00435166      -0.00255587
      0.00331957       0.00357058
      0.00497053       0.00602994
      0.00223061       0.00609069
      0.00241779       0.00269458
      0.00302596       0.00424037
      0.00324985       0.00707834
      0.00256808       0.00282194
      0.00351673       0.00469625
      0.00028860       0.00333778
      0.00139509       0.00157558
      0.00152087       0.00241316
     -0.00724765      -0.00364428
     -0.00168922      -0.00149327
     -0.00354506      -0.00247851
     -0.00285820       0.00065601
      0.00009598       0.00027076
     -0.00056882       0.00044539
     -0.00836658      -0.00555095
     -0.00249781      -0.00240554
     -0.00460444      -0.00386378
      0.00017364       0.00441156
      0.00186808       0.00216616
      0.00188647       0.00322679
      0.00253675       0.00758382
      0.00285819       0.00320009
      0.00355808       0.00516026
     -0.00049633       0.00440898
      0.00167433       0.00198919
      0.00155806       0.00309573
     -0.00381325       0.00027942
      0.00017259       0.00043510
     -0.00085887       0.00040789
     -0.00461019       0.00039623
     -0.00039078      -0.00007535
     -0.00149839       0.00007299
     -0.00358400       0.00131092
      0.00017953       0.00048634
     -0.00069477       0.00083655
     -0.00616548      -0.00201108
     -0.00123185      -0.00099404
     -0.00275267      -0.00149348
     -0.00104547       0.00389135
      0.00164382       0.00198588
      0.00131833       0.00289476
      0.00187629       0.00688653
      0.00264531       0.00299129
      0.00316121       0.00476019
      0.00195001       0.00622507
      0.00226333       0.00255318
      0.00283874       0.00417881
     -0.00345138       0.00146690
      0.00021784       0.00052557
     -0.00061363       0.00092455
     -0.00132226       0.00251648
      0.00091012       0.00113688
      0.00061055       0.00175097
     -0.00010170       0.00445339
      0.00172725       0.00199142
      0.00173996       0.00311133
     -0.00240525       0.00147677
      0.00060326       0.00083677
     -0.00000874       0.00115147
     -0.00098876       0.00359035
      0.00145742       0.00172599
      0.00121478       0.00259794
     -0.00034313       0.00423486
      0.00165133       0.00192177
      0.00159473       0.00297942
     -0.00725611      -0.00178171
     -0.00485388       0.00009034
     -0.00164882      -0.00009609
      0.00064245       0.00560854
      0.00223561       0.00379837
     -0.00295669       0.00190554
     -0.00040513       0.00108048
     -0.00347942       0.00148392
     -0.00053637       0.00103973
     -0.00036233      -0.00029275
     -0.00031661      -0.00032485
     -0.00023677      -0.00024769
     -0.00009920      -0.00010222
      0.00114671       0.00139068
      0.00095378       0.00101291
      0.00071691       0.00074097
      0.00053689       0.00055178
      0.00016320       0.00016739
      0.00165691       0.00191656
      0.00139288       0.00147017
      0.00108604       0.00112440
      0.00084264       0.00086826
      0.00028447       0.00029203
     -0.00167394      -0.00160166
     -0.00103853      -0.00105276
     -0.00071187      -0.00073028
     -0.00051424      -0.00052819
     -0.00015125      -0.00015486
      0.00139731       0.00163133
      0.00103093       0.00108682
      0.00074115       0.00076408
      0.00054379       0.00055817
      0.00016189       0.00016611
     -0.00349626      -0.00333494
     -0.00207119      -0.00206008
     -0.00134651      -0.00135561
     -0.00092644      -0.00093680
     -0.00023068      -0.00023469
     -0.00121682      -0.00113515
     -0.00059397      -0.00060248
     -0.00033763      -0.00034989
     -0.00020995      -0.00021789
     -0.00003838      -0.00003943
      0.00480693       0.00513528
      0.00240490       0.00246986
      0.00131300       0.00133257
      0.00076984       0.00077921
      0.00010390       0.00010520
     -0.00226936      -0.00221955
     -0.00141919      -0.00143902
     -0.00096543      -0.00098675
     -0.00069058      -0.00070678
     -0.00019659      -0.00020108
     -0.00161630      -0.00141343
     -0.00063954      -0.00060188
     -0.00026089      -0.00025015
     -0.00009526      -0.00008940
      0.00004207       0.00004431
      0.00140423       0.00153557
      0.00088338       0.00090559
      0.00056580       0.00057173
      0.00037784       0.00038087
      0.00116026       0.00130402
      0.00075671       0.00078254
      0.00048833       0.00049488
      0.00032388       0.00032659
      0.00006240       0.00006285
      0.00105747       0.00127563
      0.00080165       0.00084837
      0.00057708       0.00059424
      0.00042305       0.00043344
      0.00012742       0.00013071
      0.00062158       0.00063446
      0.00042908       0.00043196
      0.00030235       0.00030431
      0.00007634       0.00007740
     -0.00187197      -0.00184287
     -0.00119480      -0.00122989
     -0.00083965      -0.00086816
      0.00029763       0.00041646
      0.00032167       0.00035718
      0.00027809       0.00029551
      0.00023112       0.00024210
      0.00009323       0.00009584
     -0.00347000      -0.00335410
     -0.00202575      -0.00203507
     -0.00131055      -0.00132997
     -0.00090261      -0.00091859
     -0.00023204      -0.00023677
      0.00235510       0.00251125
      0.00157897       0.00162627
      0.00108779       0.00111158
      0.00077727       0.00079273
      0.00021603       0.00022015
     -0.00201624      -0.00188526
     -0.00124406      -0.00123704
     -0.00084584      -0.00085451
     -0.00060548      -0.00061459
     -0.00017140      -0.00017482
     -0.00163772      -0.00144894
     -0.00081842      -0.00079097
     -0.00046641      -0.00046395
     -0.00018699      -0.00018812
     -0.00004735      -0.00004769
     -0.00211790      -0.00194989
     -0.00069457      -0.00069924
     -0.00045722      -0.00046318
     -0.00010270      -0.00010441
      0.00156866       0.00183796
      0.00120698       0.00127286
      0.00088316       0.00091047
      0.00065406       0.00067120
      0.00019823       0.00020336
     -0.00443672      -0.00302398
     -0.00468808      -0.00247151
     -0.00151976      -0.00136837
     -0.00092697      -0.00091837
     -0.00062778      -0.00063670
     -0.00044673      -0.00045520
     -0.00011858      -0.00012073
     -0.00008434       0.00416385
     -0.00200359      -0.00189658
     -0.00132808      -0.00133223
     -0.00094936      -0.00096560
     -0.00053818      -0.00054974
     -0.00022022      -0.00022510
     -0.00143060      -0.00130839
     -0.00018981      -0.00019472
     -0.00247105      -0.00232453
     -0.00139843      -0.00138682
     -0.00087113      -0.00087672
     -0.00011815      -0.00011982
     -0.00044987      -0.00032678
     -0.00031019      -0.00030683
     -0.00025327      -0.00026285
     -0.00021050      -0.00021915
     -0.00008704      -0.00008965
      0.00271969       0.00281518
      0.00191617       0.00194123
      0.00137666       0.00139168
      0.00101798       0.00102992
      0.00031164       0.00031641
      0.00102253       0.01716024
      0.00440850       0.00733371
     -0.00088339      -0.00087543
     -0.00060851      -0.00061561
     -0.00044210      -0.00044982
     -0.00013219      -0.00013500
     -0.00053149      -0.00054071
     -0.01149166      -0.00914447
     -0.01172001      -0.00917306
     -0.01121072      -0.00898022
     -0.01170083      -0.00920798
     -0.01163977      -0.00920592
     -0.01159345      -0.00919098
     -0.01150413      -0.00915132
     -0.01153663      -0.00916682
     -0.01145036      -0.00912178
     -0.01143388      -0.00911349
     -0.01142633      -0.00910921
     -0.01147061      -0.00913353
     -0.01139173      -0.00909122
     -0.04216289      -0.02434209
     -0.02290987      -0.01514214
     -0.01822537      -0.01276380
     -0.01466952      -0.01085721
     -0.01195515      -0.00931116
     -0.01116161      -0.00883951
     -0.01094803      -0.00871061
     -0.01033930      -0.00833858
     -0.00900562      -0.00749659
     -0.00697290      -0.00612378
     -0.00553690      -0.00506650
     -0.00294815      -0.00290337
     -0.00394828      -0.00378570
     -0.01136866      -0.00903827
      0.00345437       0.00396955
      0.04497622       0.04571060
      0.00735846       0.00810835
     -0.00837516      -0.00085907
      0.00021674       0.00076823
     -0.00582284       0.00153550
      0.00128880       0.00183905
     -0.01897508      -0.01193233
     -0.00407506      -0.00367491
     -0.01648863      -0.00967865
     -0.00316486      -0.00279460
      0.00038069       0.00548847
      0.00291130       0.00756146
      0.00223242       0.00694108
      0.00218769       0.00519554
      0.00052847       0.00316344
      0.00437478       0.00674505
      0.00129006       0.00430870
     -0.00069128       0.00191126
     -0.01000725      -0.00749665
     -0.01029294      -0.00777163
      0.00224036       0.00521749
      0.01844234       0.02078090
     -0.00334680      -0.00149623
     -0.00286810      -0.00103944
     -0.00112999       0.00151212
      0.00521423       0.00774504
     -0.00731494      -0.00489726
     -0.00273113       0.00001869
     -0.00065663       0.00171809
     -0.00303675      -0.00058668
     -0.00043072       0.00215240
     -0.00026388       0.00202963
     -0.00451176      -0.00301184
     -0.00010770       0.00156905
      0.00230843       0.00386623
      0.00226173       0.00380208
     -0.00802147      -0.00581117
     -0.00139750       0.00064140
     -0.00750873      -0.00534887
     -0.00924809      -0.00699616
     -0.00745722      -0.00536674
     -0.00523201      -0.00331425
     -0.00535066      -0.00353804
     -0.00385531      -0.00182547
     -0.00767252      -0.00552304
     -0.00702220      -0.00491252
      0.00416437       0.00549295
     -0.00552975      -0.00346861
      0.00374242       0.00510556
     -0.00553175      -0.00351301
     -0.00586036      -0.00378744
      0.00317327       0.00487102
     -0.01021341      -0.00800483
     -0.00831810      -0.00623244
     -0.00213799      -0.00010424
     -0.00904567      -0.00691490
     -0.00635587      -0.00426735
     -0.01008436      -0.00782268
     -0.00261733      -0.00048604
      0.01693212       0.01952735
      0.00408412       0.00664205
      0.01730227       0.01980864
      0.00555793       0.00803863
     -0.00437944      -0.00166798
     -0.00786387      -0.00547207
      0.00378360       0.00622630
     -0.00211196       0.00050481
      0.00177078       0.00432582
     -0.00422214      -0.00174657
     -0.00433171      -0.00156993
      0.00211354       0.00469404
     -0.01205120      -0.00944386
     -0.01181772      -0.00930605
     -0.01159028      -0.00917088
     -0.01435472      -0.00998801
     -0.01294602      -0.00950773
     -0.01300244      -0.00943707
     -0.01211911      -0.00858656
     -0.01035173      -0.00770211
     -0.00989016      -0.00757315
     -0.01060976      -0.00806397
     -0.00986348      -0.00775174
     -0.01073292      -0.00813170
     -0.01085620      -0.00807957
     -0.01260971      -0.00943118
     -0.01108832      -0.00838592
     -0.01112499      -0.00888787
     -0.00959590      -0.00752695
     -0.01064078      -0.00789220
     -0.00965142      -0.00742373
     -0.01001373      -0.00741320
     -0.00954819      -0.00749598
     -0.01464867      -0.00983512
     -0.01002816      -0.00759589
     -0.01069138      -0.00799054
     -0.01143543      -0.00884414
     -0.01016909      -0.00748457
     -0.01001413      -0.00734702
     -0.01100922      -0.00863855
     -0.01579368      -0.00939531
     -0.01058493      -0.00791419
     -0.01062194      -0.00793763
     -0.01046747      -0.00786907
     -0.01105393      -0.00851010
     -0.01082796      -0.00819871
     -0.01036800      -0.00769589
     -0.01053160      -0.00786042
     -0.01050092      -0.00791490
     -0.01156851      -0.00918208
     -0.01100773      -0.00852400
     -0.01038786      -0.00786310
     -0.01035770      -0.00785455
     -0.00996782      -0.00757296
     -0.01139320      -0.00900851
     -0.01087953      -0.00839787
     -0.01031437      -0.00781513
     -0.01000238      -0.00760844
     -0.01095764      -0.00857853
     -0.01058836      -0.00811077
     -0.01010256      -0.00758841
     -0.01026065      -0.00777084
     -0.01015107      -0.00776263
     -0.01048308      -0.00810175
     -0.01033663      -0.00785789
     -0.01320410      -0.00946239
     -0.01323848      -0.00953432
     -0.01473345      -0.01042809
     -0.01280289      -0.00937739
     -0.01352800      -0.00971643
     -0.01386332      -0.00966201
     -0.01255604      -0.00895540
     -0.01304564      -0.00930306
     -0.01386780      -0.00978735
     -0.01227297      -0.00888988
     -0.01280503      -0.00910639
     -0.00869721      -0.00678460
     -0.01159420      -0.00795517
     -0.01208820      -0.00893474
     -0.01260481      -0.00930977
     -0.01244306      -0.00915796
     -0.01263057      -0.00912189
     -0.01248931      -0.00912357
     -0.01296206      -0.00937110
     -0.01221374      -0.00896082
     -0.01249782      -0.00897164
     -0.01192033      -0.00868100
     -0.01384880      -0.00954801
     -0.01297052      -0.00943317
     -0.01432536      -0.01001927
     -0.01413515      -0.00988232
     -0.01409719      -0.00992684
     -0.01291489      -0.00947803
     -0.01362716      -0.00963195
     -0.01145470      -0.00837987
     -0.01212782      -0.00875552
     -0.01082354      -0.00825367
     -0.01059379      -0.00787256
     -0.01210965      -0.00871106
     -0.01244221      -0.00901085
     -0.00922916      -0.00726806
     -0.01075482      -0.00822704
     -0.01102404      -0.00793250
     -0.01114328      -0.00841679
     -0.01108420      -0.00838371
     -0.01110821      -0.00843132
     -0.01120567      -0.00853771
     -0.01106689      -0.00836273
     -0.01103401      -0.00827988
     -0.01110879      -0.00837657
     -0.01126300      -0.00857092
     -0.01129805      -0.00855789
     -0.01104953      -0.00829896
     -0.01113750      -0.00841455
     -0.01115728      -0.00841502
     -0.01088242      -0.00823897
     -0.01105101      -0.00832710
     -0.01068553      -0.00814506
     -0.01041694      -0.00819063
     -0.01097826      -0.00839279
     -0.01119937      -0.00856041
     -0.01063799      -0.00793095
     -0.01115528      -0.00847404
     -0.01091987      -0.00823603
     -0.01036537      -0.00841766
     -0.01090523      -0.00814397
     -0.00980500      -0.00788268
     -0.01022518      -0.00788447
     -0.01108503      -0.00858376
     -0.01118367      -0.00859680
     -0.01091742      -0.00842729
     -0.01032622      -0.00813818
     -0.00979693      -0.00776053
     -0.01051157      -0.00825311
     -0.01074014      -0.00807005
     -0.01099677      -0.00822913
     -0.01056092      -0.00788730
     -0.01085150      -0.00808332
     -0.01122492      -0.00904175
     -0.01049839      -0.00816438
     -0.01104511      -0.00834689
     -0.00973788      -0.00637088
     -0.01915781      -0.01166101
     -0.01145776      -0.00848645
     -0.00750273      -0.00622457
     -0.01335627      -0.00912880
     -0.01316916      -0.00857970
     -0.02185490      -0.01374520
     -0.02078085      -0.01242813
     -0.02108663      -0.01275575
     -0.02129235      -0.01338230
     -0.02238398      -0.01466293
     -0.02164372      -0.01351630
     -0.02060491      -0.01224340
     -0.02097720      -0.01265312
     -0.02124408      -0.01333974
     -0.02188678      -0.01411770
     -0.02118797      -0.01300556
     -0.02025143      -0.01187307
     -0.02079760      -0.01249984
     -0.02121600      -0.01333794
     -0.02128129      -0.01349607
     -0.02021549      -0.01226537
     -0.02056584      -0.01276806
     -0.02043699      -0.01312800
     -0.02109272      -0.01331169
     -0.02047136      -0.01267603
     -0.02045407      -0.01313935
     -0.02068017      -0.01290365
     -0.01974477      -0.01180321
     -0.02031772      -0.01253062
     -0.02059087      -0.01326627
     -0.02098480      -0.01365375
     -0.00844481      -0.00636520
     -0.01371127      -0.00941798
     -0.01501880      -0.00980483
     -0.01538390      -0.01042026
     -0.01519608      -0.00981689
     -0.01700637      -0.01125573
     -0.01342891      -0.00890512
     -0.01580941      -0.01091138
     -0.01560781      -0.01019515
     -0.01594928      -0.01013303
     -0.01385495      -0.00912056
     -0.01324060      -0.00909252
     -0.01593518      -0.01093796
     -0.01422667      -0.00927999
     -0.01482072      -0.01008425
     -0.01307228      -0.00867208
     -0.01603709      -0.01077361
     -0.01452579      -0.00964414
     -0.01303753      -0.00876062
     -0.01471752      -0.01002977
     -0.01393439      -0.00967355
     -0.01257424      -0.00837370
     -0.01378255      -0.00928227
     -0.01461308      -0.00965448
     -0.01521612      -0.01049513
     -0.01229331      -0.00797785
     -0.01551984      -0.00993874
     -0.01349783      -0.00889201
     -0.01478227      -0.00916100
     -0.02090366      -0.01101606
     -0.01455905      -0.00899526
     -0.01526772      -0.00933864
     -0.01633093      -0.01045909
     -0.01459898      -0.00949906
     -0.01111996      -0.00850782
     -0.01301188      -0.00876190
     -0.01271705      -0.00798546
     -0.01584511      -0.01007986
     -0.01486516      -0.01018857
     -0.01214650      -0.00751882
     -0.01500050      -0.01013969
     -0.01572885      -0.01019278
     -0.01589219      -0.01041908
     -0.01555191      -0.01079917
     -0.00995595      -0.00803700
     -0.01274674      -0.00909992
     -0.01713446      -0.01133865
     -0.01482182      -0.00957710
     -0.01097401      -0.00846117
     -0.00943887      -0.00720555
     -0.01131921      -0.00845815
     -0.01378996      -0.00939630
     -0.01773843      -0.01128157
     -0.01342401      -0.00794600
     -0.01230843      -0.00797075
     -0.01641549      -0.01018830
     -0.00164511      -0.00017924
     -0.00201415       0.00002794
     -0.00265921      -0.00050938
     -0.00524607      -0.00303358
     -0.00641997      -0.00364178
     -0.00633543      -0.00544992
     -0.00592672      -0.00518586
     -0.00635068      -0.00546944
     -0.00687594      -0.00544955
     -0.00703546      -0.00497120
     -0.00695155      -0.00551394
     -0.00334411      -0.00195375
     -0.00266239      -0.00126371
     -0.00245975      -0.00089175
     -0.00180747      -0.00039199
     -0.00195736      -0.00059714
     -0.00166152      -0.00050734
     -0.00219688      -0.00080244
     -0.00464431      -0.00220894
     -0.00640285      -0.00345742
     -0.00597373      -0.00330668
     -0.00530571      -0.00241280
     -0.00499361      -0.00210611
     -0.00656889      -0.00323210
     -0.00659024      -0.00345408
     -0.00680710      -0.00316030
     -0.00722207      -0.00423201
     -0.00663761      -0.00388377
     -0.00600670      -0.00334574
     -0.00556519      -0.00315585
     -0.00448958      -0.00230501
     -0.00558802      -0.00276553
     -0.00532928      -0.00288074
     -0.00594459      -0.00295245
     -0.00758632      -0.00378727
     -0.00738871      -0.00361191
     -0.00429737      -0.00237230
     -0.00378235      -0.00224311
     -0.00357537      -0.00208506
     -0.00274755      -0.00163095
     -0.00242416      -0.00132823
     -0.00226058      -0.00105321
     -0.00198890      -0.00086695
     -0.00155868      -0.00030242
     -0.00176490      -0.00041368
     -0.00148190      -0.00012439
     -0.00560197      -0.00310084
     -0.00495728      -0.00288585
     -0.00504032      -0.00290607
     -0.00468499      -0.00252236
     -0.00417384      -0.00221794
     -0.00351055      -0.00183524
     -0.00342716      -0.00190034
     -0.00339358      -0.00218553
     -0.00253809      -0.00106683
     -0.00318843      -0.00193501
     -0.00230322      -0.00213601
     -0.00295350      -0.00268382
     -0.00357737      -0.00312321
     -0.00340202      -0.00300125
     -0.00323359      -0.00295071
     -0.00395050      -0.00348375
     -0.00444994      -0.00381014
     -0.00425920      -0.00362761
     -0.00453062      -0.00374139
     -0.00413421      -0.00345716
     -0.00308028      -0.00267995
     -0.00226797      -0.00200389
     -0.00318771      -0.00290576
     -0.00261185      -0.00244278
     -0.00245934      -0.00219339
     -0.00314900      -0.00283860
     -0.00271860      -0.00229202
     -0.00376442      -0.00307391
     -0.00537233      -0.00407347
     -0.00697580      -0.00544588
     -0.00270570       0.00026158
     -0.00377900      -0.00078144
     -0.00430470      -0.00095126
     -0.00464803      -0.00091603
     -0.00460071      -0.00054146
     -0.00480924      -0.00114869
     -0.00325571       0.00027956
     -0.00242802       0.00044923
     -0.00257071      -0.00011975
     -0.00385628      -0.00120856
