QM Energy	FF Energy
     -0.00319448     -0.00383342
     -0.00230468     -0.00225977
     -0.00113466     -0.00101539
    -0.000466066    -0.000395904
     -6.9354e-05    -5.49178e-05
     -1.0575e-05    -7.75419e-06
      -1.788e-06    -1.24799e-06
        -7.2e-08    -7.23435e-08
      -0.0033929     -0.00377823
     -0.00139221        -0.00138
    -0.000511785    -0.000500102
     -0.00018037    -0.000180675
     -2.1654e-05    -2.34336e-05
      -2.615e-06     -3.1653e-06
       -5.04e-07    -5.95003e-07
        -3.3e-08    -4.88797e-08
           5e-09    -2.05856e-09
     -0.00201921       -0.003556
     -0.00281229     -0.00255418
     -0.00135761     -0.00116088
    -0.000496497    -0.000431707
     -6.7565e-05    -6.13159e-05
     -1.0459e-05    -9.66799e-06
      -2.031e-06    -1.88059e-06
        -1.6e-07    -1.67737e-07
     -0.00890376     -0.00885587
     -0.00373131     -0.00331178
     -0.00139314     -0.00119827
    -0.000508619    -0.000438453
      -7.028e-05    -6.21752e-05
     -0.00250861     -0.00261636
    -0.000774395    -0.000673851
     -0.00030863    -0.000270531
     -4.3714e-05    -4.03012e-05
      -0.0028362     -0.00337931
     -0.00119003     -0.00127838
     -0.00044539    -0.000484625
    -0.000163617    -0.000186802
      -2.368e-05     -2.9132e-05
     -0.00430793     -0.00487689
     -0.00180427     -0.00178316
    -0.000671559    -0.000644681
    -0.000240453    -0.000233321
     -3.1141e-05    -3.13851e-05
    -0.000934639     -0.00143423
    -0.000373664    -0.000568155
     -0.00014407    -0.000223579
     -2.2662e-05    -3.51247e-05
      -4.402e-06     -6.0746e-06
      -1.117e-06    -1.30607e-06
       -1.25e-07    -1.40865e-07
           4e-09    -8.10177e-09
       -0.000911    -0.000931966
     -4.2622e-05    -5.27884e-05
      -0.0027485     -0.00188341
    -0.000116196    -9.64487e-05
    -0.000523985    -0.000455396
      -0.0019124     -0.00185813
     -9.9669e-05     -0.00010388
    -0.000572622    -0.000563826
     -0.00190316      -0.0020154
    -0.000103975    -0.000114478
    -0.000582717     -0.00061645
     -0.00163479     -0.00181725
     -9.0914e-05    -0.000106821
    -0.000504984    -0.000565994
     -0.00192536     -0.00203027
    -0.000106923    -0.000114583
    -0.000593771    -0.000618829
     -0.00148883     -0.00155084
     -7.9485e-05    -9.18439e-05
    -0.000451507    -0.000485571
     -0.00171124     -0.00178113
     -8.9909e-05    -9.55432e-05
    -0.000519174    -0.000536361
    -0.000773335       -0.001069
     -4.1854e-05    -6.50262e-05
    -0.000236893    -0.000338841
    -0.000768531     -0.00121459
     -4.3317e-05    -7.44176e-05
      -0.0002401    -0.000385882
    -0.000765857     -0.00124985
     -4.4541e-05    -7.66231e-05
    -0.000241505    -0.000396571
    -0.000726996     -0.00121504
     -4.2205e-05    -7.50785e-05
    -0.000229599    -0.000387284
    -0.000763659     -0.00112693
     -4.3641e-05     -6.8748e-05
      -0.0002378    -0.000356529
     -0.00071941     -0.00114285
     -3.4371e-05     -6.4484e-05
    -0.000214808    -0.000354758
     -0.00182945      -0.0017568
     -9.4816e-05    -9.91551e-05
    -0.000547156    -0.000535906
     -0.00190607      -0.0019814
    -0.000105577    -0.000111661
    -0.000588143    -0.000603895
      -0.0018386     -0.00195833
    -0.000102911    -0.000111149
    -0.000569354    -0.000598742
     -9.6042e-05    -0.000107386
    -0.000532851    -0.000573201
     -0.00172259      -0.0017234
     -9.0996e-05    -9.85267e-05
    -0.000518519     -0.00052864
     -0.00183929     -0.00189293
      -9.927e-05    -9.90358e-05
    -0.000563644    -0.000562749
    -0.000970945     -0.00102703
     -4.3493e-05    -5.85463e-05
    -0.000276115     -0.00031734
     -0.00102217     -0.00117384
     -4.8359e-05    -6.76878e-05
    -0.000297768    -0.000363799
     -0.00105188     -0.00123515
     -5.1254e-05    -7.07659e-05
    -0.000309825    -0.000380762
     -0.00108576     -0.00124807
     -5.2593e-05    -7.13322e-05
    -0.000318081    -0.000384372
     -0.00103152     -0.00112441
     -4.8855e-05    -6.35965e-05
     -0.00029902     -0.00034444
     -0.00106644    -0.000975872
     -4.6768e-05    -5.55626e-05
    -0.000304713    -0.000311112
    -0.000688731    -0.000920196
     -2.8342e-05    -5.32664e-05
    -0.000197821     -0.00028939
    -0.000694812     -0.00104126
     -2.9634e-05    -6.08065e-05
    -0.000203935    -0.000328293
    -0.000669726     -0.00104473
     -2.9541e-05    -6.15393e-05
    -0.000198041    -0.000330122
    -0.000678202     -0.00104396
     -2.9705e-05    -6.13714e-05
    -0.000200593     -0.00032975
    -0.000648932    -0.000928767
     -2.8581e-05    -5.47127e-05
    -0.000189413    -0.000293373
    -0.000665896     -0.00105388
     -3.0108e-05    -6.07706e-05
    -0.000198061    -0.000330188
    -0.000880251    -0.000927642
     -3.8031e-05    -5.44348e-05
    -0.000248213    -0.000292139
    -0.000969752     -0.00110226
     -4.6007e-05    -6.44751e-05
    -0.000284266    -0.000345348
     -0.00107665     -0.00125465
     -5.3641e-05    -7.16219e-05
    -0.000319764    -0.000386435
     -0.00101559     -0.00115566
     -0.00103932     -0.00117203
     -4.9875e-05    -6.62627e-05
    -0.000301845    -0.000358507
     -0.00103844     -0.00110245
    -0.000619108    -0.000783895
     -1.6368e-05    -4.39782e-05
    -0.000157037    -0.000245061
    -0.000654155    -0.000881241
     -1.8801e-05    -4.98576e-05
    -0.000171497    -0.000276201
    -0.000645326     -0.00088138
     -1.9026e-05    -5.01537e-05
    -0.000169794    -0.000276677
    -0.000654718    -0.000884603
     -1.9315e-05    -5.02477e-05
    -0.000171974    -0.000277493
    -0.000604737    -0.000786984
     -1.6929e-05    -4.46578e-05
    -0.000154801    -0.000246733
    -0.000683982    -0.000897609
     -2.8467e-05    -5.25594e-05
    -0.000196004    -0.000283467
    -0.000666344    -0.000890321
     -1.9023e-05     -5.0141e-05
    -0.000173956    -0.000278578
     -2.1427e-05     -5.6751e-05
    -0.000189814    -0.000314232
    -0.000696091     -0.00100015
     -2.1451e-05    -5.68494e-05
    -0.000188154    -0.000313834
    -0.000694886     -0.00100154
     -2.1389e-05     -5.6832e-05
    -0.000188061    -0.000314111
    -0.000655384    -0.000886378
     -1.9344e-05    -5.03547e-05
    -0.000172744    -0.000278092
    -0.000702854     -0.00105767
     -3.1306e-05    -6.17032e-05
    -0.000207885    -0.000332763
    -0.000615524    -0.000777514
     -1.6057e-05    -4.35676e-05
    -0.000156511    -0.000243142
    -0.000658967    -0.000881207
     -1.8828e-05    -4.96935e-05
    -0.000173046    -0.000275972
    -0.000650323    -0.000884974
     -1.9228e-05    -5.02741e-05
    -0.000170799    -0.000277624
    -0.000596157    -0.000787098
     -1.6807e-05    -4.47519e-05
    -0.000152414    -0.000246914
     -0.00164641      -0.0018207
     -9.2429e-05     -0.00010629
    -0.000511151    -0.000565453
     -0.00192099     -0.00201928
    -0.000105897    -0.000113917
    -0.000590865    -0.000615773
     -0.00454135     -0.00235025
    -0.000213067    -9.48537e-05
     -0.00138932    -0.000470066
    -0.000761768     -0.00124738
     -4.4123e-05     -7.6194e-05
    -0.000239975    -0.000395369
    -0.000768294     -0.00121201
     -4.3251e-05    -7.40407e-05
    -0.000240006     -0.00038477
     -0.00181417     -0.00194043
     -9.7828e-05    -0.000111453
    -0.000551236     -0.00059658
     -0.00188068     -0.00196314
     -0.00010033    -0.000111938
    -0.000569454    -0.000601638
     -0.00108519     -0.00123679
     -5.3916e-05    -6.97412e-05
     -0.00032308    -0.000379205
     -0.00104909      -0.0011759
     -5.0625e-05    -6.67112e-05
    -0.000309032    -0.000362496
     -0.00219483     -0.00172226
    -0.000658163    -0.000518967
    -0.000667624     -0.00103973
     -2.8862e-05    -6.10426e-05
    -0.000196143      -0.0003283
     -0.00069201     -0.00103701
     -2.8956e-05    -6.03464e-05
    -0.000201927    -0.000326674
     -4.8388e-05    -6.72008e-05
    -0.000297121    -0.000359769
     -0.00104334     -0.00124482
     -5.1667e-05     -7.1164e-05
    -0.000309257    -0.000383689
    -0.000937243     -0.00109222
     -4.4121e-05    -6.39992e-05
    -0.000274069    -0.000342495
     -5.0148e-05    -5.91015e-05
    -0.000309706    -0.000336489
    -0.000659841    -0.000886298
      -1.913e-05    -5.01283e-05
    -0.000172545    -0.000277658
    -0.000669871    -0.000885126
     -1.8933e-05    -4.97709e-05
    -0.000174507    -0.000276876
     -0.00239464     -0.00219134
    -0.000123308    -0.000121952
    -0.000688904    -0.000996339
     -2.0926e-05    -5.65806e-05
    -0.000185679    -0.000312622
    -0.000698237      -0.0010001
     -2.0892e-05    -5.65392e-05
    -0.000187225    -0.000313337
    -0.000652827    -0.000882253
     -1.9085e-05    -5.00385e-05
    -0.000172097    -0.000276695
      -0.0006396    -0.000881179
      -1.858e-05    -5.00179e-05
    -0.000167442    -0.000276429
    -0.000648566    -0.000877379
     -1.8192e-05    -4.94317e-05
    -0.000709143     -0.00092316
     -2.9964e-05    -5.35779e-05
    -0.000203777    -0.000290188
     -0.00190268     -0.00201255
    -0.000102978    -0.000114277
     -0.00057934    -0.000615457
    -0.000568532    -0.000570911
      -0.0017246     -0.00190024
     -9.6562e-05    -0.000100471
    -0.000537885    -0.000567028
     -0.00243144     -0.00179465
    -0.000113983    -9.05804e-05
    -0.000733601    -0.000533327
     -0.00176967     -0.00192052
      -8.817e-05    -9.07732e-05
    -0.000540091      -0.0005613
     -0.00262434     -0.00236831
    -0.000146322    -0.000106478
    -0.000860299    -0.000677079
    -0.000730908     -0.00121164
      -4.195e-05    -7.42718e-05
    -0.000229923    -0.000385238
    -0.000756852     -0.00115592
     -3.5807e-05    -6.54188e-05
    -0.000224036    -0.000358906
    -0.000746013     -0.00119153
     -3.6695e-05    -6.82053e-05
    -0.000222867    -0.000370603
     -0.00204263     -0.00204843
    -0.000104156    -9.60215e-05
    -0.000627612    -0.000594533
     -0.00110369     -0.00145594
     -5.1323e-05    -7.34814e-05
       -0.000327    -0.000434766
      -0.0011614     -0.00136104
     -4.8972e-05    -6.93772e-05
    -0.000334087    -0.000414835
     -0.00170282      -0.0018363
     -9.2601e-05    -0.000107093
     -0.00052066    -0.000569865
     -0.00163873     -0.00179105
     -9.1239e-05      -9.456e-05
     -0.00162113     -0.00166774
     -8.5389e-05    -9.04776e-05
    -0.000499408     -0.00051189
     -0.00351777     -0.00235645
    -0.000185376     -0.00010669
     -0.00113113    -0.000638017
     -0.00108847     -0.00124062
     -5.3387e-05    -6.98475e-05
    -0.000321503    -0.000380147
    -0.000953613     -0.00109662
     -4.7014e-05     -6.1318e-05
    -0.000284367    -0.000338417
     -0.00108014     -0.00125014
     -5.6107e-05    -6.85323e-05
    -0.000325154    -0.000377963
     -0.00131271     -0.00139042
     -6.4681e-05    -7.25531e-05
    -0.000390379    -0.000416541
     -0.00139671      -0.0014306
     -7.1653e-05    -7.34645e-05
    -0.000428254    -0.000428513
     -2.8384e-05    -6.03783e-05
    -0.000197066    -0.000326178
    -0.000662307     -0.00106481
     -3.0899e-05    -6.18522e-05
    -0.000198678    -0.000334187
    -0.000628573     -0.00108455
      -3.126e-05    -6.39631e-05
    -0.000192352    -0.000341614
      -0.0023366     -0.00237722
    -0.000131904    -0.000125156
    -0.000726117     -0.00070789
     -0.00108204     -0.00154598
      -5.984e-05    -8.80091e-05
    -0.000922942     -0.00146606
     -5.2538e-05    -8.39691e-05
     -0.00101204     -0.00114862
      -4.877e-05    -6.57815e-05
    -0.000298547    -0.000355862
     -0.00112181     -0.00098703
     -4.9698e-05    -5.62077e-05
    -0.000321488    -0.000315033
    -0.000971626     -0.00105603
     -4.7862e-05    -6.01334e-05
     -0.00029001    -0.000329523
     -0.00237983     -0.00190248
    -0.000115099    -9.35759e-05
    -0.000704887    -0.000557582
    -0.000658707    -0.000885847
     -1.8766e-05    -4.99712e-05
    -0.000171382    -0.000277312
    -0.000680938    -0.000927639
     -2.9865e-05    -5.43267e-05
    -0.000198148    -0.000292227
    -0.000685777     -0.00095747
     -3.1379e-05    -5.62862e-05
    -0.000201264    -0.000301419
    -0.000713223    -0.000668268
      -0.0011506     -0.00142601
     -6.3408e-05    -8.46293e-05
    -0.000352614     -0.00044523
     -0.00109697     -0.00137801
     -6.1776e-05    -8.20146e-05
    -0.000339935    -0.000431042
    -0.000679872    -0.000994857
     -2.0338e-05    -5.63348e-05
    -0.000183032    -0.000311937
    -0.000713983     -0.00106129
     -3.2087e-05     -6.2122e-05
    -0.000211365    -0.000334238
    -0.000703333     -0.00105606
     -3.2005e-05    -6.24115e-05
    -0.000208964    -0.000333785
    -0.000658109    -0.000882393
    -0.000697041    -0.000903825
     -2.9439e-05    -5.30512e-05
    -0.000200498    -0.000285557
    -0.000681204    -0.000926524
     -3.0324e-05     -5.4682e-05
    -0.000199174    -0.000292598
     -0.00247073     -0.00226126
    -0.000128648    -0.000124744
     -0.00074004     -0.00068686
     -2.5951e-05    -2.66514e-05
      -2.506e-06    -2.21027e-06
        -3.4e-08     1.49641e-07
        1.07e-07     1.83583e-07
     -3.9978e-05    -3.51758e-05
      -5.091e-06    -4.75365e-06
       -7.93e-07    -7.17741e-07
       -1.77e-07    -1.42657e-07
          -6e-09    -1.95116e-09
    -0.000151977    -2.28822e-05
     -1.4406e-05    -2.38381e-07
       -7.63e-07      1.2762e-06
        1.99e-07     5.78156e-07
          -1e-09     7.87106e-09
     -8.2642e-05    -6.62596e-05
     -0.00923453     -0.00916722
     -0.00396798     -0.00359744
    -0.000577296    -0.000479033
     -1.3064e-05    -1.00324e-05
      -2.428e-06    -1.82408e-06
       -5.53e-07    -4.39553e-07
           5e-09    -5.84481e-09
     -1.5482e-05    -1.95206e-05
      -2.156e-06     -2.8065e-06
       -3.52e-07    -4.36815e-07
          -2e-09    -1.13751e-09
     -1.6822e-05    -2.13381e-05
      -2.596e-06    -3.27405e-06
       -4.82e-07    -5.81758e-07
       -1.09e-07    -1.36016e-07
           4e-09    -2.20259e-09
     -1.8865e-05    -1.94873e-05
      -2.117e-06    -2.43107e-06
       -2.64e-07    -2.86013e-07
        -5.4e-08    -3.34744e-08
          -6e-09     -6.1095e-10
      -8.069e-06    -1.86548e-05
       -4.95e-07    -2.46008e-06
        1.11e-07    -2.64442e-07
         7.7e-08    -3.70124e-09
     -3.3584e-05    -3.95241e-05
      -5.281e-06    -6.27781e-06
      -1.043e-06    -1.18683e-06
       -2.72e-07    -2.98459e-07
      -5.215e-06     -1.8184e-05
        4.93e-07    -2.11034e-06
        4.46e-07    -9.62345e-08
        1.96e-07     7.11965e-08
          -1e-09     3.54055e-09
     -0.00188918      -0.0018549
      -9.897e-05    -0.000104014
    -0.000566251     -0.00056336
     -0.00187335     -0.00192244
     -9.9568e-05    -0.000100989
    -0.000657701     -0.00051906
      -0.0010526     -0.00114367
     -4.9184e-05    -6.42807e-05
    -0.000335228    -0.000476057
     -0.00141181     -0.00134618
     -6.5833e-05    -6.90467e-05
    -0.000410753    -0.000402505
     -1.8574e-05    -4.97027e-05
    -0.000171799    -0.000276199
     -0.00116053     -0.00141649
     -6.3783e-05    -8.40446e-05
    -0.000356155    -0.000442508
    -0.000980962     -0.00139965
    -0.000459937    -0.000510874
    -0.000455795    -0.000509776
    -0.000207365    -0.000349559
    -0.000172895    -0.000276781
    -0.000201246    -0.000334188
    -0.000150858    -0.000235069
    -0.000177039    -0.000314247
    -0.000179373    -0.000314606
    -0.000934951    -0.000685264
    -0.000400901    -0.000597508
    -0.000282752    -0.000448201
    -0.000297567    -0.000454342
      -0.0016476     -0.00160162
     -7.5949e-05    -7.96896e-05
    -0.000304531    -0.000410845
     -0.00056559     -0.00046636
     -0.00392538     -0.00342256
    -0.000196661    -0.000174303
    -0.000947771    -0.000750745
     -0.00313284    -0.000242004
     -0.00158026    -0.000680149
     -0.00455401     -0.00288886
      -0.0014315    -0.000700174
     -0.00292688     -0.00254033
    -0.000156791    -0.000106607
     -0.00300336      -0.0025539
    -0.000160265    -0.000107153
    -0.000972178     -0.00128649
     -5.1067e-05    -7.66494e-05
     -0.00219085     -0.00127148
    -0.000187254    -0.000130553
     -0.00030284    -0.000420016
    -0.000282727    -0.000398052
     -0.00083098    -0.000954381
     -3.8818e-05    -5.62701e-05
    -0.000242917    -0.000302709
     -0.00167388     -0.00173386
    -0.000389766     -0.00033614
     -0.00148646      -0.0012836
     -4.3177e-05    -5.37975e-05
    -0.000673593    -0.000969658
     -0.00141049     -0.00147052
    -0.000802964     -0.00131171
    -0.000185292     -0.00030355
    -0.000651234    -0.000809139
     -2.4959e-05    -4.68108e-05
     -0.00018207     -0.00025461
     -0.00170287     -0.00174297
    -0.000523427    -0.000525978
     -0.00152394     -0.00158427
    -0.000252423    -0.000410202
     -0.00389281     -0.00328405
    -0.000195764    -0.000174179
     -0.00169453     -0.00177874
    -0.000830777     -0.00138385
     -5.1181e-05    -8.63956e-05
     -8.7353e-05    -0.000101283
    -0.000909159     -0.00142178
     -5.4893e-05    -8.76952e-05
    -0.000290197    -0.000451284
     -9.0778e-05    -0.000102655
    -0.000536517    -0.000680478
     -2.2152e-05    -3.92552e-05
      -0.0001478    -0.000211581
    -0.000495413    -0.000592779
      -1.838e-05      -3.333e-05
    -0.000129821    -0.000182114
    -0.000538976    -0.000653471
     -2.0257e-05    -3.67044e-05
    -0.000144891    -0.000202234
    -0.000407259    -0.000374929
     -0.00132424     -0.00102134
     -2.4795e-05    -4.82575e-05
    -0.000588118      -0.0006978
     -2.2962e-05    -4.05092e-05
    -0.000161839    -0.000219134
     -2.2902e-05      -4.623e-05
     -0.00172084     -0.00180931
    -0.000490784    -0.000493898
     -2.5702e-05    -4.96909e-05
    -0.000572489    -0.000753971
     -2.4442e-05    -4.34717e-05
    -0.000161481    -0.000235072
     -2.3169e-05    -4.82336e-05
      -0.0014292     -0.00153894
    -0.000436285    -0.000477965
     -0.00331704     -0.00270321
    -0.000163783    -0.000133425
    -0.000973848    -0.000779249
     -0.00284132     -0.00202519
    -0.000122536    -0.000102176
    -0.000793995    -0.000595022
     -0.00329344     -0.00269247
    -0.000163427    -0.000131583
    -0.000970817    -0.000772823
     -0.00150902    -0.000695504
     -0.00497047     -0.00311636
     -3.9764e-05    -6.02689e-05
    -0.000235816    -0.000319454
    -0.000818762    -0.000836026
     -3.8096e-05    -4.77207e-05
    -0.000237548    -0.000261529
    -0.000835677    -0.000985699
     -3.9495e-05     -5.6999e-05
    -0.000245178    -0.000309446
     -0.00175041     -0.00183998
    -0.000914438     -0.00116012
     -4.8801e-05    -6.67237e-05
    -0.000278734    -0.000358431
    -0.000897523    -0.000988837
     -4.5051e-05    -5.56621e-05
    -0.000264851    -0.000302269
    -0.000917831     -0.00114097
     -4.7226e-05    -6.52012e-05
     -0.00027577    -0.000352117
      -0.0018807     -0.00142174
    -0.000562863    -0.000465921
     -0.00174722      -0.0018524
     -8.5599e-05    -8.61741e-05
    -0.000534014    -0.000541039
    -0.000806701    -0.000474377
     -0.00102286      -0.0013786
     -4.5424e-05    -6.78951e-05
    -0.000304784    -0.000411735
     -0.00186826     -0.00191169
     -9.5569e-05    -9.08284e-05
    -0.000578992    -0.000560427
      -0.0016021     -0.00116219
     -7.2494e-05    -6.28804e-05
    -0.000472936    -0.000366685
     -5.8481e-05    -6.32211e-05
    -0.000373247    -0.000370969
    -0.000920831     -0.00144459
     -5.1904e-05    -8.21039e-05
     -0.00029141    -0.000447057
      -0.0017307     -0.00111219
     -7.4502e-05    -6.45551e-05
    -0.000497079    -0.000363181
     -0.00103236     -0.00128352
     -5.6717e-05      -7.751e-05
    -0.000318122    -0.000405445
     -0.00114765     -0.00136149
     -6.1366e-05    -8.09527e-05
    -0.000348515     -0.00042612
    -0.000960931      -0.0012668
     -5.3644e-05    -7.71278e-05
    -0.000297484    -0.000401666
    -0.000335463    -0.000552011
     -7.7421e-05    -7.93663e-05
    -0.000436359    -0.000470201
    -0.000267638    -0.000442051
     -0.00118672     -0.00100958
    -0.000262654    -0.000290219
    -0.000835079     -0.00114281
     -4.3966e-05    -6.69654e-05
    -0.000252785    -0.000357011
    -0.000863593    -0.000957321
    -0.000256641    -0.000294571
    -0.000841513     -0.00115734
     -4.4447e-05    -6.74599e-05
    -0.000255325    -0.000360351
    -0.000818993     -0.00115148
      -4.455e-05    -6.76293e-05
    -0.000251557    -0.000359459
    -0.000767249    -0.000561297
     -0.00322206      -0.0026032
     -0.00015842    -0.000128056
     -0.00319226     -0.00256701
    -0.000155853     -0.00012727
     -0.00093635    -0.000743452
     -0.00279007     -0.00194235
    -0.000118738    -9.85942e-05
    -0.000778962    -0.000574573
     -0.00332889      -0.0027342
     -0.00016559    -0.000134091
     -0.00098048     -0.00078554
     -0.00325023     -0.00262543
    -0.000159008    -0.000130133
    -0.000952395    -0.000759244
     -0.00284211     -0.00205157
    -0.000123496    -0.000103654
    -0.000795265    -0.000602472
    -0.000866427    -0.000836426
     -3.8751e-05     -4.6224e-05
    -0.000248701    -0.000258177
    -0.000820953    -0.000941431
     -3.7243e-05    -5.49884e-05
    -0.000237932    -0.000297443
    -0.000863469     -0.00101687
     -4.1317e-05    -5.91098e-05
     -0.00025406    -0.000317915
    -0.000897091     -0.00092918
     -4.2859e-05    -5.17527e-05
    -0.000261034    -0.000284475
     -0.00085843       -0.001114
     -4.4427e-05    -6.49049e-05
    -0.000257998    -0.000346142
    -0.000916537      -0.0011258
     -4.6908e-05    -6.49753e-05
    -0.000275167    -0.000348794
    -0.000857357    -0.000943674
     -4.3236e-05     -5.3689e-05
    -0.000253963     -0.00029046
    -0.000928422     -0.00108858
     -4.6425e-05    -6.15221e-05
    -0.000277773    -0.000336076
    -0.000891996      -0.0010089
     -4.2459e-05    -5.74122e-05
    -0.000263599    -0.000314263
    -0.000906783    -0.000741555
     -3.7171e-05    -4.33287e-05
    -0.000250997    -0.000240531
    -0.000858596     -0.00109169
      -4.505e-05    -6.28547e-05
    -0.000261156    -0.000338903
     -1.3447e-05    -2.54509e-05
    -0.000124652    -0.000144701
    -0.000562808    -0.000596977
     -1.8377e-05    -3.32041e-05
    -0.000145686    -0.000185563
    -0.000564667    -0.000574534
      -1.824e-05     -3.2557e-05
    -0.000145653    -0.000180276
    -0.000494896    -0.000518706
     -1.5105e-05    -2.86159e-05
    -0.000123694    -0.000160263
    -0.000529649    -0.000692409
     -2.1993e-05    -3.95451e-05
    -0.000146122    -0.000214464
     -0.00054679    -0.000622102
     -2.0331e-05     -3.5848e-05
    -0.000146589    -0.000194605
    -0.000486015    -0.000629976
     -1.9326e-05    -3.56867e-05
    -0.000129696    -0.000193185
    -0.000603414    -0.000697565
     -2.2015e-05    -3.91916e-05
    -0.000163164    -0.000216946
    -0.000627502    -0.000794906
     -2.2595e-05     -4.5438e-05
    -0.000172725    -0.000249447
    -0.000623125    -0.000819838
     -2.3677e-05    -4.69768e-05
    -0.000173882    -0.000256934
    -0.000583249    -0.000733074
     -2.3267e-05    -4.15636e-05
     -0.00016156    -0.000227858
    -0.000575606    -0.000836912
     -2.3928e-05    -4.89368e-05
    -0.000164481    -0.000263421
    -0.000617355    -0.000844934
     -2.5196e-05    -4.89068e-05
    -0.000174934    -0.000265125
    -0.000584641    -0.000743883
     -2.4709e-05    -4.31951e-05
    -0.000164272    -0.000232511
    -0.000624318    -0.000828743
      -2.332e-05    -4.71492e-05
    -0.000172329       -0.000259
     -0.00066481    -0.000813693
     -2.4357e-05    -4.62841e-05
    -0.000182879    -0.000254649
    -0.000603762    -0.000670566
     -2.1582e-05    -3.82821e-05
    -0.000162103    -0.000210272
    -0.000612488    -0.000833047
     -2.4645e-05    -4.84139e-05
    -0.000172754    -0.000261863
    -0.000561693    -0.000741374
     -1.8385e-05    -4.28314e-05
    -0.000146798    -0.000232853
    -0.000623691     -0.00085663
     -2.0815e-05    -4.92372e-05
    -0.000167858    -0.000269222
    -0.000583522    -0.000755162
     -1.9356e-05    -4.33122e-05
    -0.000152855    -0.000236196
    -0.000630855    -0.000864137
     -2.1233e-05    -4.95215e-05
    -0.000170195    -0.000271104
    -0.000627446     -0.00085787
     -2.0998e-05    -4.92852e-05
    -0.000168931    -0.000269532
    -0.000787108     -0.00101424
    -0.000612999    -0.000853028
     -0.00017465    -0.000267978
    -0.000615476     -0.00080174
    -0.000170603    -0.000252077
     -0.00060665    -0.000824534
     -0.00017303    -0.000259907
    -0.000583244    -0.000835249
    -0.000163786    -0.000262011
     -1.5505e-05    -1.99213e-05
      -2.332e-06    -2.94357e-06
        -1.3e-07    -1.23063e-07
          -1e-09    -2.75347e-09
     -2.5715e-05    -2.67829e-05
      -2.535e-06     -2.2439e-06
        -4.6e-08     1.42418e-07
        1.04e-07     1.82258e-07
          -4e-09     5.42879e-09
     -1.2947e-05    -2.14114e-05
       -4.95e-07    -1.33162e-06
        3.52e-07     3.82635e-07
        2.07e-07     2.75785e-07
          -9e-09      8.7468e-09
     -1.7229e-05    -2.62748e-05
      -3.033e-06    -4.20201e-06
       -6.99e-07    -8.05201e-07
       -2.04e-07    -2.08026e-07
           2e-09    -3.97935e-09
     -2.8264e-05    -2.58774e-05
      -2.664e-06    -2.01737e-06
        -3.3e-08     1.99605e-07
        1.13e-07     1.97623e-07
          -3e-09     5.54082e-09
     -7.2888e-05    -6.60522e-05
     -1.1245e-05    -1.03524e-05
      -2.154e-06    -1.98644e-06
       -5.36e-07    -5.08357e-07
           1e-09    -7.55245e-09
     -5.7103e-05    -4.71794e-05
      -8.336e-06    -6.82389e-06
      -1.449e-06    -1.15298e-06
       -3.24e-07    -2.57686e-07
          -3e-09    -3.28933e-09
    -0.000149822    -2.32012e-05
      -1.418e-05    -3.28335e-07
       -7.44e-07     1.24561e-06
           2e-07     5.67303e-07
              -0     7.64278e-09
      -1.613e-05    -2.05783e-05
      -2.483e-06    -3.14457e-06
       -4.62e-07    -5.55376e-07
       -1.05e-07    -1.29844e-07
           5e-09    -2.24154e-09
     -3.5222e-05    -3.41867e-05
      -4.937e-06    -4.35955e-06
       -6.92e-07    -5.12508e-07
        -7.9e-08    -4.22329e-08
           2e-09     1.46228e-09
       -1.28e-05    -2.06942e-05
      -1.525e-06    -2.86303e-06
       -2.04e-07    -3.95003e-07
        -4.7e-08    -5.91118e-08
     -1.4836e-05    -2.15006e-05
       -1.82e-06    -2.95006e-06
       -2.43e-07    -4.03493e-07
          -5e-08    -5.96609e-08
          -6e-09    -6.46467e-10
     -3.1535e-05    -2.97685e-05
      -3.748e-06    -3.24136e-06
       -3.71e-07    -1.97478e-07
          -1e-09     5.65396e-08
          -4e-09     2.71351e-09
        -2.6e-06    -2.90616e-06
       -3.78e-07    -3.98722e-07
        -8.2e-08    -6.43417e-08
          -7e-09    -8.25777e-10
     -4.3559e-05    -3.83532e-05
      -6.001e-06    -5.52099e-06
      -1.038e-06    -9.41955e-07
      -7.305e-06    -1.54243e-05
       -4.75e-07    -1.95633e-06
         9.4e-08    -1.81862e-07
         7.3e-08     1.34337e-08
              -0     1.77309e-09
     -7.3016e-05    -5.85153e-05
     -1.1356e-05    -8.77709e-06
      -2.084e-06    -1.57531e-06
       -4.71e-07    -3.75344e-07
           4e-09    -5.00425e-09
      -5.989e-06    -1.66477e-05
        2.34e-07    -1.92658e-06
        3.41e-07    -9.23417e-08
        1.46e-07     6.02143e-08
          -5e-09      2.8056e-09
     -3.4064e-05    -3.96938e-05
      -5.329e-06    -6.29732e-06
      -1.046e-06    -1.18983e-06
       -2.71e-07    -2.99132e-07
               0       -4.99e-09
     -3.7632e-05    -3.77477e-05
      -5.866e-06     -5.4077e-06
      -1.065e-06    -8.56435e-07
        -5.8e-08    -4.44108e-08
           1e-09    -1.37284e-09
     -3.6851e-05    -3.75193e-05
      -1.044e-06    -8.41666e-07
       -2.15e-07    -1.64486e-07
           5e-09    -1.45332e-09
     -3.2636e-05    -2.94705e-05
      -3.207e-06    -2.15803e-06
        -2.8e-08      2.9553e-07
        1.52e-07     2.55652e-07
          -4e-09     7.32224e-09
    -0.000302426    -0.000349335
    -0.000291963    -0.000454461
     -2.0223e-05    -3.20322e-05
      -3.378e-06    -4.77194e-06
       -6.87e-07    -7.90474e-07
       -1.65e-07    -1.64977e-07
           6e-09    -1.84214e-09
    -0.000608926    -0.000788523
     -2.4732e-05    -3.30209e-05
      -4.307e-06    -5.48739e-06
        -9.8e-07    -1.11579e-06
       -1.02e-07    -1.10113e-07
           1e-09    -6.12404e-09
     -1.6777e-05    -2.40211e-05
           3e-09     -3.3963e-09
     -3.4835e-05    -3.75345e-05
      -5.553e-06    -5.76171e-06
      -1.066e-06    -1.03103e-06
           3e-09    -3.20373e-09
     -2.8738e-05    -3.26164e-05
       -4.31e-06    -4.84909e-06
       -7.78e-07    -8.14349e-07
       -1.84e-07     -1.7765e-07
          -1e-09     -2.6031e-09
      -2.001e-06    -2.01711e-05
       1.906e-06    -1.92983e-06
        9.76e-07      1.2745e-07
        3.97e-07     1.88334e-07
               0     7.24295e-09
     -0.00325256     -0.00374747
    -0.000474229    -0.000540392
      -2.536e-06     -3.5863e-06
       -4.59e-07    -5.96455e-07
       -1.03e-07    -1.27171e-07
           3e-09    -1.93612e-09
        -4.3e-08    -5.46489e-08
     -0.00118841     -0.00101082
     -0.00125479     -0.00106175
     -0.00112372    -0.000963658
     -0.00124505     -0.00105338
     -0.00122652     -0.00103909
     -0.00121409     -0.00102978
     -0.00119172     -0.00101325
     -0.00119966     -0.00101909
     -0.00117803     -0.00100322
     -0.00117443     -0.00100059
      -0.0011726    -0.000999249
      -0.0011833     -0.00100708
     -0.00116512    -0.000993786
     -0.00937674     -0.00937272
     -0.00406545     -0.00369244
     -0.00280722     -0.00248045
     -0.00191932     -0.00165726
     -0.00130448      -0.0011056
     -0.00113855    -0.000959631
     -0.00109508    -0.000921604
    -0.000974233    -0.000816394
     -0.00072682    -0.000603335
    -0.000404194    -0.000330613
     -0.00022528    -0.000182073
     -3.3783e-05    -2.60826e-05
     -8.6173e-05    -6.82136e-05
     -0.00117156    -0.000997652
     -4.7647e-05    -6.64977e-05
     -0.00926864      -0.0215609
    -0.000465892    -2.79268e-05
     -0.00354539      -0.0027245
    -0.000193281    -0.000129835
     -0.00355821     -0.00264975
    -0.000193243    -0.000126801
     -0.00363795     -0.00309112
    -0.000193694     -0.00015503
     -0.00355342     -0.00299472
    -0.000187421    -0.000151368
    -0.000679049    -0.000968053
    -0.000672704     -0.00100272
    -0.000689593     -0.00100448
    -0.000942439    -0.000699623
    -0.000495515    -0.000482079
     -0.00036434    -0.000424276
    -0.000963731    -0.000703615
    -0.000475555    -0.000488012
     -0.00115325    -0.000999915
     -0.00116027     -0.00100082
     -0.00147079    -0.000702815
     -0.00310229    -0.000220316
    -0.000297044    -0.000404828
    -0.000290188    -0.000402748
     -0.00111427     -0.00078286
    -0.000636178    -0.000428309
    -0.000551224    -0.000543698
     -0.00107683    -0.000796974
    -0.000302107    -0.000420576
    -0.000517044    -0.000516247
     -0.00112918    -0.000771187
    -0.000350774    -0.000414121
     -0.00042328    -0.000382908
    -0.000375872    -0.000323425
    -0.000187036    -0.000304189
    -0.000185954    -0.000304592
     -0.00108727    -0.000890413
    -0.000429518    -0.000457512
    -0.000520614    -0.000541367
      -0.0011036    -0.000907877
      -0.0004836    -0.000521369
    -0.000259904    -0.000415648
    -0.000253255    -0.000412174
    -0.000459221    -0.000487635
     -0.00107468    -0.000883027
    -0.000511838    -0.000534804
     -0.00017468    -0.000313885
    -0.000514017    -0.000549343
    -0.000178209    -0.000314427
    -0.000503198    -0.000542534
    -0.000524334    -0.000553818
    -0.000386111    -0.000295572
     -0.00110563      -0.0009121
    -0.000528681    -0.000546597
    -0.000445395    -0.000466028
     -0.00108513    -0.000894725
    -0.000507596    -0.000520855
     -0.00111086    -0.000917845
    -0.000462388    -0.000479529
     -0.00298659    -0.000155927
     -0.00160015    -0.000660386
     -0.00302939    -0.000177263
     -0.00163497     -0.00064005
     -0.00110228    -0.000805805
    -0.000537664    -0.000545388
    -0.000619654    -0.000436996
     -0.00112341    -0.000789199
    -0.000512675    -0.000484774
    -0.000498307    -0.000511862
     -0.00106741    -0.000802837
    -0.000534251    -0.000466753
     -0.00131701     -0.00112625
     -0.00126666     -0.00108163
      -0.0012182     -0.00103879
     -0.00190642     -0.00158915
     -0.00151159      -0.0013378
     -0.00134689     -0.00121438
      -0.0011685     -0.00105075
    -0.000580968    -0.000664883
     -0.00106243    -0.000891051
     -0.00112336    -0.000945929
     -0.00104242    -0.000868851
     -0.00120736     -0.00102171
      -0.0012092     -0.00103951
     -0.00141113     -0.00125706
     -0.00122054     -0.00104352
     -0.00108205    -0.000931104
     -0.00103916    -0.000865006
     -0.00111723    -0.000973123
     -0.00101996    -0.000865726
    -0.000994101    -0.000873261
    -0.000885584    -0.000760248
     -0.00227727     -0.00190089
     -0.00116282    -0.000968434
     -0.00107061    -0.000938441
     -0.00124796     -0.00105855
     -0.00101892    -0.000905783
    -0.000547928    -0.000636695
     -0.00114452    -0.000979452
     -0.00143428     -0.00158644
     -0.00118757     -0.00101881
     -0.00120909     -0.00103319
     -0.00122454      -0.0010341
     -0.00122266     -0.00103601
     -0.00121267     -0.00103587
      -0.0011836     -0.00101841
     -0.00120768     -0.00103363
      -0.0012226     -0.00103434
     -0.00120733     -0.00102469
     -0.00118873     -0.00101889
      -0.0011626     -0.00100112
     -0.00118957     -0.00101497
     -0.00119754     -0.00100873
     -0.00120535     -0.00102339
     -0.00118681     -0.00101835
     -0.00118761     -0.00101496
       -0.001197     -0.00100957
     -0.00120098        -0.00102
     -0.00118305     -0.00101709
     -0.00115559     -0.00100022
     -0.00118359     -0.00101513
     -0.00119632     -0.00101203
     -0.00119738     -0.00101578
     -0.00118137     -0.00101584
     -0.00142685     -0.00127439
     -0.00146169     -0.00128298
     -0.00198273     -0.00171193
     -0.00153226     -0.00134849
     -0.00150924     -0.00132589
     -0.00186561     -0.00155189
     -0.00132464     -0.00118509
     -0.00145043     -0.00125501
     -0.00179905     -0.00154683
     -0.00127844     -0.00113317
     -0.00150899     -0.00128679
    -0.000981585    -0.000800479
     -0.00107009    -0.000982351
     -0.00124076     -0.00110859
     -0.00135576     -0.00120125
     -0.00133918     -0.00117991
     -0.00126597     -0.00111763
     -0.00138326     -0.00121728
     -0.00150594     -0.00132043
     -0.00118063     -0.00104984
     -0.00134248     -0.00117099
     -0.00115266     -0.00104299
     -0.00174254     -0.00149346
     -0.00140565     -0.00126886
     -0.00189016     -0.00157472
     -0.00180152     -0.00151481
     -0.00196328     -0.00160051
     -0.00156316     -0.00132424
     -0.00173056     -0.00145057
    -0.000971752    -0.000922087
     -0.00129922     -0.00114515
    -0.000685156    -0.000721074
    -0.000669013    -0.000708775
     -0.00128652     -0.00118337
     -0.00150277     -0.00129313
    -0.000778559    -0.000674087
    -0.000703339    -0.000714771
    -0.000805821    -0.000799004
     -0.00119174     -0.00101688
     -0.00118963     -0.00101913
     -0.00119006     -0.00101297
     -0.00124764     -0.00105278
     -0.00118166     -0.00101099
     -0.00123007     -0.00104601
     -0.00124139     -0.00106075
     -0.00126677     -0.00107506
     -0.00123954      -0.0010563
     -0.00124485     -0.00106405
      -0.0011696     -0.00100432
     -0.00118359     -0.00101919
     -0.00120975     -0.00102423
     -0.00115848     -0.00100001
     -0.00120408     -0.00102064
     -0.00109756    -0.000925129
     -0.00123056     -0.00103791
      -0.0012418     -0.00105576
     -0.00112116     -0.00096879
     -0.00122813     -0.00104516
     -0.00122766     -0.00104659
    -0.000889197    -0.000789876
     -0.00122097     -0.00104646
    -0.000908455    -0.000784433
     -0.00107427    -0.000901119
     -0.00122055     -0.00103171
       -0.001228     -0.00104086
     -0.00120283     -0.00100911
     -0.00109603    -0.000921096
     -0.00100785    -0.000850781
     -0.00110783    -0.000930248
     -0.00117027     -0.00100339
     -0.00119189      -0.0010251
     -0.00117508     -0.00100034
      -0.0011681      -0.0010072
     -0.00109932    -0.000946352
     -0.00112088    -0.000940704
     -0.00124882     -0.00105787
    -0.000528751    -0.000696979
     -0.00284811     -0.00252389
     -0.00101612    -0.000905352
    -0.000449893    -0.000410276
     -0.00219673     -0.00177314
     -0.00222234     -0.00176396
     -0.00405373     -0.00355927
     -0.00401476     -0.00346577
      -0.0040319     -0.00354303
      -0.0039881     -0.00360293
     -0.00396648     -0.00360545
     -0.00404452     -0.00355748
     -0.00400522     -0.00346505
     -0.00402555     -0.00354342
     -0.00398231     -0.00360241
     -0.00396032     -0.00360333
     -0.00402492     -0.00355309
     -0.00398608     -0.00346359
     -0.00401391     -0.00354498
     -0.00396965     -0.00360155
     -0.00397247     -0.00350751
     -0.00393617     -0.00342372
     -0.00396163     -0.00350728
     -0.00388576     -0.00353644
     -0.00396277     -0.00350644
     -0.00395353     -0.00350624
     -0.00388371      -0.0035383
     -0.00394285     -0.00350427
      -0.0039037     -0.00342023
     -0.00393769     -0.00350416
     -0.00388174     -0.00354408
     -0.00388819     -0.00355362
    -0.000989804    -0.000792488
      -0.0011543     -0.00122772
     -0.00120294     -0.00130688
      -0.0014801      -0.0015067
     -0.00123645     -0.00135047
     -0.00164962     -0.00169339
     -0.00101921     -0.00115401
      -0.0015487     -0.00149533
     -0.00132212     -0.00138188
     -0.00126618       -0.001409
     -0.00127504     -0.00135724
     -0.00106452     -0.00115796
     -0.00152482     -0.00151452
     -0.00123289     -0.00133768
     -0.00127217     -0.00132847
    -0.000989033     -0.00111743
     -0.00143184     -0.00145384
     -0.00116336     -0.00129243
     -0.00107129     -0.00117171
     -0.00134125     -0.00134155
     -0.00121054     -0.00124551
    -0.000915573     -0.00106283
     -0.00128651     -0.00132346
      -0.0011638     -0.00129073
     -0.00146748     -0.00144068
    -0.000911998     -0.00106185
     -0.00125551     -0.00137433
     -0.00106033     -0.00116866
     -0.00111011     -0.00127871
      -0.0019114     -0.00231349
     -0.00114458     -0.00129902
     -0.00115353     -0.00134851
     -0.00171134     -0.00176788
     -0.00134238     -0.00136405
     -0.00110965     -0.00098977
     -0.00103602     -0.00106925
    -0.000990214     -0.00113141
     -0.00127708     -0.00144211
     -0.00153154     -0.00146225
    -0.000972998     -0.00110162
     -0.00170102     -0.00159078
     -0.00139502     -0.00146891
     -0.00135115     -0.00141894
     -0.00157889     -0.00150018
     -0.00070067    -0.000678644
    -0.000984142     -0.00096417
     -0.00172419     -0.00169777
     -0.00146949     -0.00145782
    -0.000784393    -0.000773768
    -0.000662967    -0.000666063
     -0.00101447    -0.000971267
     -0.00159008      -0.0014027
     -0.00221226     -0.00212175
     -0.00121981     -0.00136799
     -0.00130533     -0.00113431
     -0.00168791     -0.00172129
    -0.000231778    -0.000317966
    -0.000300902    -0.000425028
    -0.000352722    -0.000467009
    -0.000519664    -0.000567687
    -0.000698158    -0.000738484
     -0.00036208    -0.000316313
    -0.000318648    -0.000275902
    -0.000341663    -0.000300387
    -0.000503956    -0.000464564
    -0.000648604    -0.000605967
    -0.000567264    -0.000518763
     -0.00032543    -0.000365579
    -0.000289789     -0.00034792
     -0.00029463    -0.000368259
    -0.000230757    -0.000313588
      -0.0002316    -0.000307554
     -0.00019173    -0.000259465
     -0.00024111    -0.000316711
    -0.000501685     -0.00058001
    -0.000706308     -0.00075989
    -0.000626194    -0.000681352
     -0.00058882    -0.000686742
     -0.00053009    -0.000654261
    -0.000722031     -0.00081572
    -0.000696607    -0.000778603
    -0.000782743    -0.000890231
    -0.000783438    -0.000812817
    -0.000661679    -0.000711425
    -0.000580008    -0.000656168
    -0.000519591    -0.000591989
    -0.000408751    -0.000505798
    -0.000560782    -0.000665187
    -0.000493385    -0.000582626
    -0.000601371    -0.000708188
    -0.000848367     -0.00095106
    -0.000829567    -0.000933806
    -0.000303716    -0.000438559
    -0.000233175    -0.000348883
    -0.000217618    -0.000336225
    -0.000148182     -0.00024434
    -0.000139978    -0.000237511
    -0.000150283    -0.000254578
     -0.00013929    -0.000235609
    -0.000150513     -0.00025597
    -0.000161511    -0.000271743
    -0.000158993     -0.00026824
    -0.000374525     -0.00057175
    -0.000313116    -0.000473824
    -0.000321879    -0.000487885
    -0.000327312    -0.000486097
     -0.00027932    -0.000436055
    -0.000242283    -0.000370071
    -0.000237967    -0.000340056
    -0.000206646     -0.00027745
     -0.00021252    -0.000308782
     -0.00019615    -0.000280328
     -4.6378e-05    -6.38163e-05
      -5.936e-05     -9.0418e-05
     -9.0998e-05    -0.000136566
     -7.3465e-05    -0.000121966
      -5.468e-05    -8.97172e-05
     -8.8451e-05    -0.000132561
     -0.00011943    -0.000173232
    -0.000112611    -0.000170543
    -0.000127894    -0.000207286
    -0.000114651    -0.000186152
    -0.000125603    -0.000139783
    -0.000104834    -0.000102814
    -0.000142056    -0.000126471
     -8.9268e-05    -8.26337e-05
    -0.000108218     -0.00010576
    -0.000130968    -0.000123554
    -0.000162501      -0.0001525
    -0.000251426    -0.000237029
     -0.00044211    -0.000419071
    -0.000566679    -0.000515505
    -0.000426982    -0.000605265
    -0.000484492    -0.000642434
    -0.000545473    -0.000718328
    -0.000594929    -0.000787632
     -0.00061257     -0.00084339
    -0.000581942    -0.000771782
    -0.000498088    -0.000710541
     -0.00040345    -0.000583232
    -0.000366421    -0.000513103
    -0.000457635    -0.000590692
