QM Energy	FF Energy
      -0.0268141      -0.0274397
      -0.0185164       -0.019316
      -0.0118689      -0.0122569
     -0.00759601     -0.00776078
     -0.00358299      -0.0036379
     -0.00200471     -0.00203818
     -0.00124946     -0.00127187
    -0.000586217    -0.000597576
      -0.0278928      -0.0282333
      -0.0150145       -0.015406
      -0.0087841     -0.00908413
     -0.00559665     -0.00580872
     -0.00277332     -0.00287953
      -0.0016129     -0.00167373
     -0.00107057     -0.00110477
    -0.000541059    -0.000555442
    -0.000192664    -0.000197187
      -0.0244753      -0.0251898
      -0.0182857      -0.0175658
      -0.0115101      -0.0111485
     -0.00733607     -0.00718456
     -0.00370778     -0.00369204
     -0.00224633     -0.00225436
     -0.00149517     -0.00150862
    -0.000779855    -0.000791531
      -0.0411452      -0.0416799
      -0.0212935      -0.0206753
      -0.0120788      -0.0117355
      -0.0076025     -0.00745768
     -0.00381635     -0.00380453
      -0.0193445      -0.0189033
     -0.00879787     -0.00893814
     -0.00590105     -0.00603412
     -0.00306153     -0.00314847
      -0.0277724      -0.0270572
      -0.0143556      -0.0141986
     -0.00821795     -0.00823599
     -0.00526734     -0.00532122
     -0.00279244     -0.00283315
      -0.0340876      -0.0340965
      -0.0179212      -0.0179053
      -0.0102166      -0.0102509
     -0.00637194      -0.0064314
     -0.00310627     -0.00316068
      -0.0129719      -0.0134098
     -0.00771336     -0.00795413
     -0.00513566     -0.00526749
     -0.00289317     -0.00294474
     -0.00191618      -0.0019476
      -0.0013595     -0.00138307
    -0.000761222    -0.000775543
    -0.000307361    -0.000313531
     -0.00357723     -0.00331924
    -0.000437324    -0.000479289
     -0.00589331     -0.00542042
     0.000109886     1.46971e-05
      0.00585277      0.00619867
      -0.0131383      -0.0124837
     -0.00317509     -0.00316676
     -0.00652104     -0.00635358
      -0.0143003      -0.0136736
       -0.003678     -0.00365936
     -0.00730238     -0.00712001
      -0.0121714      -0.0119491
     -0.00328372     -0.00334023
     -0.00625825     -0.00627632
      -0.0161629      -0.0156875
      -0.0042791     -0.00427246
     -0.00842137     -0.00828312
     -0.00951375       -0.009419
     -0.00248444     -0.00258522
     -0.00471574     -0.00483231
       -0.011139      -0.0105864
      -0.0014484     -0.00136724
     -0.00450435     -0.00424168
     -0.00650668     -0.00699816
     -0.00123839     -0.00133683
     -0.00275914     -0.00301024
      -0.0081394     -0.00855874
      -0.0019288      -0.0020045
     -0.00384575      -0.0040432
      -0.0108771      -0.0112277
     -0.00303087     -0.00309447
     -0.00567672     -0.00583969
     -0.00811458     -0.00860215
     -0.00216113     -0.00225088
     -0.00402105     -0.00425249
      -0.0107905      -0.0111024
     -0.00304192     -0.00311072
     -0.00568296     -0.00584871
     -0.00305296     -0.00310155
      0.00084124     0.000895011
      6.5779e-05     0.000140009
       -0.012642       -0.012292
     -0.00293218     -0.00297577
     -0.00614978     -0.00612231
      -0.0146414      -0.0143306
     -0.00356483     -0.00358083
     -0.00732231     -0.00725203
      -0.0151906      -0.0148513
      -0.0039581     -0.00396989
     -0.00782283     -0.00774077
      -0.0033138     -0.00335951
     -0.00651946     -0.00652125
      -0.0140436      -0.0137409
     -0.00376466      -0.0038213
     -0.00729266     -0.00729249
      -0.0118335      -0.0115414
     -0.00156626     -0.00147195
     -0.00487312     -0.00464278
     -0.00486941     -0.00505089
    -0.000200857     -0.00026745
     -0.00144239     -0.00162389
     -0.00694945     -0.00692747
     -0.00109848     -0.00114319
     -0.00284517     -0.00294307
     -0.00908537      -0.0088856
     -0.00205482     -0.00208338
     -0.00432999     -0.00435914
     -0.00945753     -0.00926369
     -0.00213526     -0.00214672
      -0.0045344      -0.0045437
     -0.00882917     -0.00883224
     -0.00197758     -0.00203967
     -0.00420264     -0.00432555
      0.00232914      0.00302568
      0.00245545       0.0025599
      0.00317442      0.00345347
     0.000534393     0.000343974
      0.00214515      0.00214881
      0.00232774      0.00225464
    -0.000268969    -0.000464673
      0.00178561      0.00177939
      0.00181108      0.00173243
     -0.00266963      -0.0027911
     0.000642432     0.000643458
      7.5821e-05     2.69253e-05
     -0.00128335     -0.00147446
      0.00119269       0.0011813
      0.00100069     0.000919252
     -0.00356046     -0.00363206
     0.000151395     0.000163089
    -0.000662503    -0.000690791
     0.000280195     0.000513877
      0.00226828      0.00236219
      0.00235773      0.00253346
    -0.000976458     -0.00123458
       0.0010079     0.000915999
     0.000870184     0.000631509
     -0.00395849     -0.00419353
     -4.0554e-05    -0.000121637
     -0.00097313     -0.00118203
     -0.00939947     -0.00934078
     -0.00211865     -0.00214659
     -0.00450936     -0.00457024
     -0.00655237     -0.00660558
       -0.010424      -0.0102503
     -0.00267894      -0.0027018
      -0.0053335      -0.0053638
     -0.00180222     -0.00150857
      0.00162147      0.00120503
      0.00262022      0.00258671
       0.0030067      0.00278505
       0.0012865     0.000942393
      0.00255553      0.00251948
      0.00287899      0.00267576
     0.000331284     0.000109621
      0.00206379      0.00205304
       0.0021611      0.00201898
     0.000363373     9.47197e-05
      0.00210901      0.00209276
      0.00220622      0.00204622
    -0.000316708    -0.000578201
      0.00165605      0.00165144
      0.00157533      0.00142809
     0.000820621     0.000681225
      0.00202839      0.00200142
      0.00234257      0.00223728
      0.00140281      0.00104449
      0.00270771      0.00267832
       0.0030315      0.00283284
      0.00295185      0.00290844
       0.0033884      0.00317552
      0.00121516     0.000895546
      0.00264844       0.0026074
      0.00297053      0.00277146
      0.00196872      0.00157193
      0.00293986      0.00288354
      0.00346651      0.00322963
     0.000644569     0.000370603
       0.0022268      0.00220435
      0.00240203      0.00223307
     -0.00220257     -0.00230434
      0.00112878      0.00111311
     0.000597124     0.000522806
      0.00314439      0.00267796
      0.00317161      0.00312069
      0.00398304      0.00372722
      0.00260839      0.00216735
      0.00307468      0.00301812
      0.00375644      0.00350408
     0.000689754     0.000413131
      0.00220751      0.00219218
      0.00239872      0.00223749
    -0.000273803    -0.000483799
      0.00161598       0.0016264
      0.00155788      0.00144117
      -0.0117375      -0.0115567
     -0.00297682     -0.00303148
      -0.0058685     -0.00589203
      -0.0140295      -0.0135095
     -0.00340915     -0.00339575
     -0.00700055     -0.00684741
       0.0146328       0.0116834
      0.00494602      0.00507614
      0.00835149      0.00829626
      -0.0102283      -0.0105649
     -0.00269144     -0.00274519
     -0.00518747      -0.0053359
     -0.00808156      -0.0086075
     -0.00176806     -0.00185795
     -0.00370882      -0.0039503
      -0.0151718      -0.0146364
      -0.0040697     -0.00407456
     -0.00791538     -0.00778885
      -0.0141938      -0.0135825
     -0.00354259     -0.00353154
     -0.00715676     -0.00699137
     -0.00833384     -0.00838161
     -0.00142123      -0.0014664
     -0.00358247     -0.00369055
     -0.00592037     -0.00606853
    -0.000388088    -0.000437292
     -0.00193772      -0.0020809
     -0.00774513     -0.00662009
     -0.00186999     -0.00146548
     -0.00203361     -0.00213314
      0.00102418      0.00103266
     0.000586679     0.000549878
     0.000169727    -3.59569e-05
      0.00210175      0.00209575
      0.00219986      0.00211668
     -0.00110965     -0.00117673
     -0.00270001     -0.00284261
     -0.00918902     -0.00897315
     -0.00200523     -0.00201464
     -0.00435723     -0.00435962
     -0.00378693     -0.00390579
       6.814e-05    -4.03482e-07
    -0.000838579     -0.00100586
      0.00162028      0.00170468
       0.0010924      0.00125016
     0.000710246     0.000392529
      0.00234058      0.00231849
       0.0025026      0.00232316
      0.00193564      0.00154461
      0.00292338      0.00288789
       0.0033888      0.00317449
      -0.0160256       -0.015226
     -0.00400021      -0.0039892
      0.00150676      0.00121758
      0.00280041       0.0027648
      0.00318715       0.0030015
      0.00180847      0.00145131
      0.00302559      0.00298206
      0.00346163      0.00324977
      0.00103756     0.000679776
      0.00238976      0.00234663
      0.00266835      0.00245367
     0.000851416     0.000600189
      0.00230952      0.00229751
      0.00252991      0.00237832
      0.00278197      0.00237647
      0.00318057      0.00313001
    -0.000524703    -0.000697979
      0.00168983      0.00167129
      0.00159726      0.00149531
      -0.0153225      -0.0146345
     -0.00396206     -0.00393055
     -0.00789224     -0.00768025
      -0.0062844     -0.00606098
      -0.0152739      -0.0152317
     -0.00311307     -0.00307333
     -0.00727598     -0.00716368
     0.000782993     0.000375851
      0.00233122      0.00245562
      0.00242323       0.0026256
     -0.00641824     -0.00596608
      0.00111723      0.00130288
    -0.000821137    -0.000406298
     -0.00363374     -0.00260133
      0.00282062      0.00308002
      0.00167905      0.00237041
     -0.00728563     -0.00780684
     -0.00163053     -0.00171792
     -0.00332639     -0.00356475
     -0.00452511      -0.0046171
      4.0736e-05     7.18512e-05
      -0.0010748      -0.0010349
     -0.00711838     -0.00728755
     -0.00131236     -0.00131469
     -0.00305958     -0.00307616
      -0.0090138     -0.00892363
     0.000704716     0.000873159
     -0.00204109      -0.0017332
      -0.0091081     -0.00930305
    -0.000233181    -0.000128454
     -0.00293057     -0.00280444
     -0.00439809     -0.00470787
     0.000771533     0.000850244
    -0.000532979     -0.00045301
      -0.0126278      -0.0123797
     -0.00316843     -0.00321668
     -0.00633643     -0.00633877
     -0.00961944     -0.00938812
    -0.000875784    -0.000793274
     -0.00643066     -0.00609766
    -0.000520939    -0.000459545
      -0.0021125     -0.00190275
      -0.0010129     -0.00166833
      0.00292035      0.00308981
      0.00242782      0.00270034
     -0.00851143     -0.00842382
     -0.00138706      -0.0013998
     -0.00363874     -0.00367602
     -0.00616727     -0.00590065
    -0.000538993     -0.00052573
     -0.00212314     -0.00205918
      -0.0137477      -0.0138513
     -0.00348526     -0.00354678
     -0.00712387     -0.00722845
      -0.0122989      -0.0122064
     -0.00202673     -0.00202655
     -0.00540823     -0.00537812
      -0.0107289      -0.0105493
     -0.00153877     -0.00151659
     -0.00441843      -0.0043228
      0.00191169      0.00191322
      0.00194438      0.00188462
     -0.00140952     -0.00131116
      0.00130374      0.00136374
      0.00102805       0.0011371
     -0.00503933     -0.00504885
     -0.00050264    -0.000486866
     -0.00165037     -0.00161257
      -0.0165633       -0.016419
     -0.00322117     -0.00315084
     -0.00780459     -0.00762396
       -0.012475      -0.0125676
     -0.00270975     -0.00268999
      -0.0100411      -0.0103405
     -0.00210839     -0.00210991
     -0.00529019     -0.00533046
    -0.000279801    -0.000330153
     -0.00162721     -0.00174678
      0.00242451      0.00288556
      0.00231622      0.00239493
      0.00311631      0.00331418
      -0.0044123     -0.00409461
    -0.000347882    -0.000350233
     -0.00131346     -0.00125161
      -0.0096608      -0.0084983
    -0.000179026    -5.28832e-05
     -0.00288019     -0.00241613
     0.000907876     0.000574346
      0.00248931      0.00246684
      0.00268147      0.00249737
     -0.00229735      -0.0023836
      0.00078715     0.000766595
     0.000279478     0.000199631
     -0.00531199      -0.0053304
    -0.000535704    -0.000540531
     -0.00182094      -0.0018615
     -0.00814311     -0.00792797
      -0.0127382      -0.0125922
     -0.00346836     -0.00349032
     -0.00666415     -0.00665922
      -0.0120992      -0.0121419
     -0.00326873     -0.00332053
      -0.0062694     -0.00634432
      0.00233778      0.00198771
      0.00317047      0.00312167
      0.00376575      0.00354848
     -0.00265703     -0.00280503
     0.000831702     0.000810162
     0.000214109     0.000123376
     -0.00271989     -0.00286839
     0.000556676     0.000529354
     -1.0681e-05    -0.000107509
      0.00184059      0.00145693
     0.000474192     0.000271538
      0.00179234      0.00175501
       0.0020468      0.00191568
       -0.002759     -0.00288263
     0.000419108     0.000382533
    -0.000157736    -0.000264793
      -0.0155589      -0.0146511
     -0.00378296     -0.00374771
     -0.00780708     -0.00753087
      0.00144516      0.00153872
       0.0010834      0.00112369
     0.000780243     0.000802675
     0.000570823     0.000585876
     0.000249164     0.000180593
     0.000242328     0.000212516
     0.000181964     0.000169197
     0.000134575     0.000129026
      3.9874e-05     4.01693e-05
      0.00501335      0.00514967
      0.00256523       0.0026092
      0.00143977      0.00145949
     0.000870816     0.000882638
     0.000142419     0.000144766
     -0.00395751     -0.00397159
      -0.0412856      -0.0427594
      -0.0224967      -0.0225304
     -0.00818654     -0.00813982
     -0.00229453     -0.00231736
     -0.00147227     -0.00149149
     -0.00100587     -0.00102094
    -0.000251205    -0.000255955
    -0.000496086    -0.000502608
    -0.000217314    -0.000220766
    -0.000114255     -0.00011648
     -1.0459e-05    -1.07983e-05
     -0.00232293      -0.0023734
     -0.00139979     -0.00143002
    -0.000918163    -0.000937911
    -0.000635695    -0.000649284
    -0.000162456    -0.000165899
        0.001673      0.00167857
     0.000959748     0.000960685
     0.000571589     0.000572375
     0.000357186     0.000357893
      5.7655e-05     5.79045e-05
    -0.000297282    -0.000273362
    -0.000171609    -0.000160271
    -0.000124518    -0.000119329
     -9.5577e-05     -9.3408e-05
     -0.00191638     -0.00193568
     -0.00119479      -0.0012094
    -0.000819202    -0.000830909
    -0.000589962    -0.000599502
       0.0012836      0.00128382
     0.000923213     0.000937652
     0.000664135     0.000677075
     0.000490395      0.00050022
     0.000149964     0.000152767
      -0.0152436       -0.014656
     -0.00399577     -0.00400094
     -0.00790258     -0.00776661
      -0.0138018      -0.0134285
     -0.00250421     -0.00243002
      0.00176377       0.0020809
     -0.00934677     -0.00923647
     -0.00201112     -0.00203307
     -0.00602452     -0.00598521
     -0.00671763     -0.00631474
      -0.0002554    -0.000201103
     -0.00206969     -0.00189773
      0.00285727      0.00281714
      0.00330464      0.00308638
      -0.0102842      -0.0101884
       -0.002616     -0.00264801
     -0.00512716     -0.00514756
     -0.00140206     -0.00170552
     -0.00526147     -0.00530069
     -0.00501151     -0.00505037
     -0.00168279     -0.00200519
      0.00175505       0.0015878
       0.0028475      0.00267102
     0.000196922     1.71619e-05
        0.003883      0.00338121
      0.00360171      0.00312326
      0.00177567      0.00223503
     -0.00304347      -0.0029194
     -0.00607728     -0.00635881
     -0.00692668     -0.00713644
      -0.0033869     -0.00293335
      0.00104969        0.001193
      1.6619e-05     0.000277502
       0.0008247      0.00107568
      -0.0200591      -0.0195004
     -0.00497768     -0.00494326
     -0.00539265     -0.00534591
       0.0192112       0.0184726
      0.00435612      0.00443149
    -0.000349962    -0.000752354
     0.000813581      0.00128086
     -0.00222982      -0.0019116
      0.00288531      0.00311111
     -0.00391006      -0.0036021
      0.00247009      0.00270115
     -0.00787457     -0.00829213
     -0.00142893     -0.00148419
       0.0060008       0.0059739
      4.0672e-05     0.000181642
     -0.00219498     -0.00204809
     -0.00282931     -0.00307078
    -0.000612877    -0.000348077
     0.000900047     0.000898251
     0.000996239      0.00104885
     -0.00966462     -0.00962563
     0.000204655     0.000293439
      -0.0102292     -0.00985048
     -0.00133992     -0.00140188
     0.000298012    -2.61564e-05
     -0.00529892     -0.00472524
      -0.0107639      -0.0108705
      0.00266034      0.00247014
       0.0010087      0.00130342
      0.00197175      0.00198992
       0.0023548      0.00240732
      -0.0117443      -0.0112511
     -0.00511298     -0.00491967
     -0.00921343     -0.00868189
     -0.00415511     -0.00417758
      -0.0195874      -0.0190348
     -0.00482568     -0.00479736
      -0.0115847      -0.0114316
     -0.00989149      -0.0106331
     -0.00292223     -0.00305297
     -0.00264864     -0.00268161
      -0.0122085      -0.0127213
     -0.00353586      -0.0036267
     -0.00650292     -0.00674839
     -0.00275443     -0.00277319
     -0.00704105     -0.00697896
     -0.00175117     -0.00178649
     -0.00350334       -0.003582
     -0.00641605     -0.00668889
     -0.00145853     -0.00154078
     -0.00309878     -0.00332845
     -0.00392626      -0.0038509
       3.112e-05     3.98531e-05
     -0.00103298     -0.00106339
     -0.00592138     -0.00594814
     -0.00247237      -0.0016214
      0.00023321     0.000231199
     -0.00237371     -0.00220448
     0.000401092     0.000398622
    -0.000132133    -0.000145185
      0.00201642      0.00206487
      -0.0160499      -0.0156167
     -0.00279023      -0.0026711
    -0.000477824    -0.000442819
     -0.00610947     -0.00585876
     -0.00111552      -0.0011002
     -0.00266015     -0.00262742
     0.000365093     0.000423959
     -0.00966771     -0.00919098
     -0.00455771     -0.00446878
      -0.0167334      -0.0164367
     -0.00391641     -0.00396901
     -0.00831587     -0.00827476
      -0.0110091      -0.0104574
     -0.00207336       -0.002176
     -0.00485098     -0.00485768
      -0.0154156      -0.0150069
     -0.00301186     -0.00303669
     -0.00716326     -0.00706346
      0.00146894      0.00169113
      0.00420235      0.00181655
     -0.00162713     -0.00167828
     -0.00331823      -0.0033606
     -0.00308468     -0.00269928
     -1.5807e-05    -1.23301e-05
    -0.000614525    -0.000536433
     -0.00157334     -0.00110109
       0.0008868     0.000935023
     0.000629166     0.000793447
      -0.0166385      -0.0167248
      -0.0126873       -0.012569
     -0.00337987     -0.00340939
     -0.00664321     -0.00664635
      -0.0119691      -0.0119549
     -0.00315498     -0.00322253
     -0.00627352     -0.00636865
      -0.0102114     -0.00985357
     -0.00212658     -0.00210164
     -0.00481746     -0.00470427
     -0.00233321     -0.00195444
      -1.097e-05     0.000271489
     -0.00197189     -0.00128807
       0.0026556      0.00286624
      0.00195606      0.00245579
      0.00596775      0.00610912
     -0.00346256     -0.00338287
       0.0016539      0.00178161
     0.000596391     0.000818772
     -0.00882279     -0.00840271
     0.000719377     0.000896407
     -0.00193222     -0.00153745
      0.00121031      0.00143601
      0.00225565      0.00233441
      0.00268455      0.00288421
      0.00154431      0.00162913
     0.000927478       0.0011828
     -0.00786593     -0.00814586
    -0.000998343    -0.000974229
     -0.00304805     -0.00304522
      0.00116546      0.00114098
      0.00149458      0.00154793
      0.00191709      0.00204875
     -0.00818187     -0.00845059
     -0.00185166     -0.00194804
     -0.00378711     -0.00397951
     -0.00959514     -0.00962379
     -0.00217393     -0.00222999
      -0.0045337      -0.0046168
     -0.00755685     -0.00783234
     -0.00182109      -0.0019192
      -0.0035516     -0.00375011
     -0.00581079     -0.00621777
      0.00152734      0.00168258
     -0.00357524      -0.0034629
     -0.00522145     -0.00557497
      -0.0114848      -0.0114341
     -0.00116327     -0.00116882
     -0.00715461     -0.00701618
     -0.00152592     -0.00156906
     -0.00322625     -0.00324749
      -0.0074993     -0.00738873
     -0.00320882     -0.00327513
     -0.00803308     -0.00782756
     -0.00174084     -0.00176965
     -0.00369662     -0.00368226
      -0.0100936      -0.0101277
     -0.00228369     -0.00234756
     -0.00485275     -0.00493861
     -0.00137754     -0.00140616
      -0.0127444      -0.0124674
     -0.00192723     -0.00196359
      -0.0123395      -0.0122276
     -0.00191599     -0.00197954
     -0.00523524     -0.00527026
      -0.0081236     -0.00768732
    -0.000759867    -0.000863107
     -0.00282872      -0.0028718
      -0.0168021      -0.0163443
     -0.00382679     -0.00385651
     -0.00826854     -0.00815926
      -0.0149545      -0.0148854
     -0.00309122     -0.00317008
     -0.00705908     -0.00711563
      -0.0117045      -0.0110658
     -0.00253143     -0.00262842
     -0.00545087     -0.00542434
     -0.00102633    -0.000676734
      0.00150324      0.00153637
      0.00127898      0.00137468
      0.00027313     0.000576086
      0.00172814       0.0017443
      0.00193427      0.00200826
     -0.00405578     -0.00387058
     0.000168745     0.000161258
    -0.000815938    -0.000793704
     -0.00668926     -0.00650642
    -0.000834707    -0.000843819
     -0.00259268     -0.00258308
      -0.0119347      -0.0117161
     -0.00318101     -0.00321435
     -0.00622698     -0.00621606
     -0.00944047     -0.00923927
     -0.00211347     -0.00213115
     -0.00450663     -0.00448128
      -0.0114174      -0.0113903
     -0.00303407     -0.00310592
     -0.00594883      -0.0060436
     -0.00556119     -0.00524245
     -1.3688e-05     3.64535e-05
     -0.00151236     -0.00138031
     -0.00125853    -0.000980592
       0.0013659      0.00139895
      0.00112545      0.00122364
      0.00311963      0.00358422
      0.00233494       0.0023783
      0.00335976      0.00350101
     -0.00935416     -0.00909189
     -0.00197299     -0.00196069
     -0.00435166     -0.00426946
      0.00331957       0.0033872
      0.00497053      0.00506091
      0.00223061      0.00255401
      0.00241779      0.00248121
      0.00302596      0.00311669
      0.00324985      0.00354158
      0.00256808      0.00260841
      0.00351673      0.00357222
     0.000288605     0.000292408
      0.00139509      0.00139257
      0.00152087      0.00144696
     -0.00724765      -0.0071625
     -0.00168922     -0.00170572
     -0.00354506     -0.00359696
      -0.0028582      -0.0028747
      9.5983e-05     5.74909e-05
    -0.000568821    -0.000677036
     -0.00836658     -0.00859613
     -0.00249781     -0.00258835
     -0.00460444     -0.00482955
     0.000173641     0.000493843
      0.00186808      0.00192926
      0.00188647      0.00198089
      0.00253675      0.00305872
      0.00285819      0.00292504
      0.00355808      0.00371831
    -0.000496331    -0.000139346
      0.00167433      0.00171311
      0.00155806      0.00164732
     -0.00381325     -0.00362484
      0.00017259     0.000198847
    -0.000858867    -0.000834235
     -0.00461019     -0.00410149
    -0.000390777    -0.000348985
     -0.00149839     -0.00136089
       -0.003584     -0.00325928
     0.000179527     0.000209309
    -0.000694771     -0.00061789
     -0.00616548     -0.00592347
     -0.00123185     -0.00123064
     -0.00275267     -0.00273774
     -0.00104547     -0.00065229
      0.00164382      0.00171008
      0.00131833       0.0014478
      0.00187629      0.00228669
      0.00264531      0.00271281
      0.00316121      0.00329722
      0.00195001      0.00230933
      0.00226333       0.0023162
      0.00283874      0.00293307
     -0.00345138     -0.00308081
     0.000217843     0.000249565
    -0.000613634    -0.000523541
     -0.00132226     -0.00165239
     0.000910121     0.000882307
     0.000610546     0.000419047
    -0.000101701     -0.00040695
      0.00172725       0.0016941
      0.00173996        0.001558
     -0.00240525     -0.00270137
     0.000603259     0.000581923
      -8.737e-06    -0.000182649
    -0.000988758     -0.00127474
      0.00145742      0.00142852
      0.00121478      0.00104348
    -0.000343133    -0.000625535
      0.00165133      0.00162445
      0.00159473      0.00142608
     -0.00725611     -0.00715285
     -0.00485388     -0.00448186
     -0.00164882     -0.00155096
     0.000642446      0.00108764
      0.00223561      0.00235749
     -0.00295669     -0.00265008
     -0.00040513    -0.000369862
     -0.00347942     -0.00300381
    -0.000536371    -0.000391512
    -0.000362328    -0.000397821
    -0.000316614    -0.000339683
    -0.000236773    -0.000247963
     -9.9204e-05    -0.000102219
      0.00114671      0.00123315
     0.000953775     0.000991056
     0.000716911     0.000738012
      0.00053689     0.000551387
     0.000163205     0.000167389
      0.00165691      0.00176021
      0.00139288      0.00144834
      0.00108604      0.00112142
      0.00084264     0.000867862
     0.000284467     0.000292031
     -0.00167394     -0.00172411
     -0.00103853     -0.00107012
    -0.000711869    -0.000732684
     -0.00051424    -0.000528513
    -0.000151247    -0.000154858
      0.00139731       0.0014733
      0.00103093      0.00106493
     0.000741146     0.000761111
     0.000543788     0.000557778
     0.000161889     0.000166107
     -0.00349626     -0.00349485
     -0.00207119     -0.00208214
     -0.00134651     -0.00135858
    -0.000926441     -0.00093719
    -0.000230684    -0.000234689
     -0.00121682      -0.0012679
    -0.000593974    -0.000620714
    -0.000337631    -0.000352333
    -0.000209946     -0.00021821
     -3.8382e-05    -3.94267e-05
      0.00480693      0.00494098
       0.0024049      0.00244465
        0.001313      0.00132937
     0.000769843      0.00077881
     0.000103897     0.000105197
     -0.00226936     -0.00232489
     -0.00141919     -0.00145399
    -0.000965429    -0.000988827
    -0.000690577    -0.000707064
    -0.000196592    -0.000201085
      -0.0016163     -0.00157085
    -0.000639536    -0.000623853
    -0.000260894    -0.000253144
     -9.5259e-05    -8.97971e-05
      4.2069e-05     4.43101e-05
      0.00140423      0.00141343
     0.000883378     0.000888156
     0.000565802     0.000569302
     0.000377838     0.000380542
      0.00116026      0.00118009
     0.000756714     0.000764904
     0.000488327     0.000492437
     0.000323883     0.000326258
      6.2401e-05     6.28541e-05
      0.00105747       0.0011177
     0.000801651     0.000826339
     0.000577075     0.000591247
     0.000423048     0.000433043
     0.000127421     0.000130709
     0.000621583     0.000619631
     0.000429082      0.00042993
     0.000302348     0.000304034
      7.6339e-05      7.7399e-05
     -0.00187197     -0.00195681
      -0.0011948     -0.00124549
    -0.000839648    -0.000870241
     0.000297634     0.000325765
     0.000321672      0.00034414
     0.000278085     0.000293682
     0.000231119     0.000241852
      9.3235e-05     9.58436e-05
        -0.00347     -0.00350263
     -0.00202575     -0.00205548
     -0.00131055     -0.00133271
     -0.00090261    -0.000918954
    -0.000232041    -0.000236768
       0.0023551      0.00240547
      0.00157897      0.00161101
      0.00108779      0.00110944
      0.00077727     0.000792438
     0.000216028     0.000220146
     -0.00201624      -0.0020335
     -0.00124406     -0.00125802
    -0.000845844    -0.000857405
    -0.000605482    -0.000614981
      -0.0001714    -0.000174815
     -0.00163772     -0.00160226
    -0.000818421    -0.000812419
     -0.00046641    -0.000466875
    -0.000186993    -0.000188169
     -4.7349e-05     -4.7687e-05
      -0.0021179     -0.00210437
    -0.000694567    -0.000702182
    -0.000457223    -0.000463578
    -0.000102696     -0.00010441
      0.00156866      0.00166729
      0.00120698      0.00124931
     0.000883157     0.000907297
     0.000654063     0.000670781
     0.000198232     0.000203361
     -0.00443672     -0.00448426
     -0.00468808      -0.0047184
     -0.00151976     -0.00152849
    -0.000926968    -0.000941027
    -0.000627783    -0.000639831
    -0.000446735     -0.00045562
    -0.000118584    -0.000120729
     -8.4337e-05    -0.000386528
     -0.00200359     -0.00203293
     -0.00132808      -0.0013516
    -0.000949365    -0.000968282
    -0.000538182     -0.00054979
    -0.000220222    -0.000225098
      -0.0014306     -0.00143164
    -0.000189809    -0.000194716
     -0.00247105     -0.00246107
     -0.00139843     -0.00140607
    -0.000871133     -0.00087937
     -0.00011815    -0.000119819
    -0.000449872    -0.000464447
    -0.000310194    -0.000326259
    -0.000253271    -0.000265517
    -0.000210496    -0.000219507
     -8.7044e-05      -8.965e-05
      0.00271969       0.0026776
      0.00191617      0.00192124
      0.00137666      0.00138886
      0.00101798      0.00102953
     0.000311642     0.000316415
      0.00102253    -0.000906055
       0.0044085      0.00451818
    -0.000883394    -0.000892975
    -0.000608513    -0.000618042
    -0.000442103     -0.00045015
    -0.000132186    -0.000135005
    -0.000531493    -0.000540713
      -0.0114917      -0.0114401
        -0.01172      -0.0116058
      -0.0112107      -0.0111898
      -0.0117008      -0.0116057
      -0.0116398      -0.0115635
      -0.0115935      -0.0115266
      -0.0115041      -0.0114518
      -0.0115366      -0.0114793
      -0.0114504      -0.0114026
      -0.0114339      -0.0113892
      -0.0114263      -0.0113824
      -0.0114706      -0.0114218
      -0.0113917      -0.0113542
      -0.0421629       -0.043831
      -0.0229099      -0.0229402
      -0.0182254      -0.0181361
      -0.0146695      -0.0145469
      -0.0119552      -0.0118382
      -0.0111616      -0.0110516
       -0.010948        -0.01084
      -0.0103393      -0.0102378
     -0.00900562     -0.00892212
      -0.0069729      -0.0069239
      -0.0055369     -0.00551361
     -0.00294815     -0.00296599
     -0.00394828     -0.00395377
      -0.0113687      -0.0112878
      0.00345437      0.00355517
       0.0449762       0.0359474
      0.00735846      0.00757701
     -0.00837516     -0.00908588
     0.000216736     0.000306711
     -0.00582284     -0.00665711
       0.0012888      0.00137932
      -0.0189751      -0.0187989
     -0.00407506     -0.00406672
      -0.0164886      -0.0165496
     -0.00316486     -0.00318727
     0.000380687     8.79581e-05
       0.0029113      0.00178213
      0.00223242      0.00116123
      0.00218769      0.00267248
     0.000528473     0.000893576
      0.00437478      0.00450212
      0.00129006      0.00178196
    -0.000691281    -0.000354415
      -0.0100073     -0.00980554
      -0.0102929      -0.0100812
      0.00224036      0.00265379
       0.0184423       0.0177723
      -0.0033468     -0.00353263
      -0.0028681     -0.00307451
     -0.00112999     -0.00100585
      0.00521423      0.00547979
     -0.00731494      -0.0071429
     -0.00273113      -0.0024877
    -0.000656635    -0.000511876
     -0.00303675     -0.00285011
     -0.00043072     -0.00038301
    -0.000263885    -0.000208828
     -0.00451176     -0.00450972
    -0.000107697     7.29233e-05
      0.00230843      0.00213996
      0.00226173      0.00207536
     -0.00802147      -0.0079439
      -0.0013975     -0.00125271
     -0.00750873     -0.00726793
     -0.00924809     -0.00913383
     -0.00745722     -0.00727965
     -0.00523201     -0.00521763
     -0.00535066     -0.00543681
     -0.00385531     -0.00373078
     -0.00767252     -0.00766371
      -0.0070222     -0.00685221
      0.00416437      0.00363967
     -0.00552975     -0.00553641
      0.00374242      0.00325217
     -0.00553175     -0.00557664
     -0.00586036     -0.00585793
      0.00317327      0.00337056
      -0.0102134      -0.0101648
      -0.0083181     -0.00818786
     -0.00213799     -0.00203884
     -0.00904567     -0.00906972
     -0.00635587     -0.00621577
      -0.0100844     -0.00997346
     -0.00261733     -0.00240651
       0.0169321       0.0165206
      0.00408412      0.00401261
       0.0173023       0.0168008
      0.00555793      0.00541433
     -0.00437944     -0.00420347
     -0.00786387     -0.00775585
       0.0037836      0.00392417
     -0.00211196      -0.0020406
      0.00177078      0.00204185
     -0.00422214     -0.00401673
     -0.00433171     -0.00408373
      0.00211354      0.00243432
      -0.0120512      -0.0119645
      -0.0118177       -0.011733
      -0.0115903      -0.0115074
      -0.0143547       -0.014039
       -0.012946      -0.0129917
      -0.0130024      -0.0129434
      -0.0121191      -0.0119665
      -0.0103517      -0.0104751
     -0.00989016     -0.00971203
      -0.0106098      -0.0103617
     -0.00986348     -0.00979525
      -0.0107329      -0.0104985
      -0.0108562      -0.0105526
      -0.0126097      -0.0127621
      -0.0110883      -0.0108092
       -0.011125      -0.0112976
      -0.0095959     -0.00955004
      -0.0106408      -0.0103364
     -0.00965142      -0.0095312
      -0.0100137     -0.00970454
     -0.00954819     -0.00942268
      -0.0146487      -0.0143111
      -0.0100282     -0.00988291
      -0.0106914      -0.0103986
      -0.0114354      -0.0112263
      -0.0101691      -0.0098978
      -0.0100141      -0.0102062
      -0.0110092      -0.0108835
      -0.0157937      -0.0153892
      -0.0105849      -0.0102933
      -0.0106219      -0.0102774
      -0.0104675      -0.0102324
      -0.0110539      -0.0108978
       -0.010828      -0.0105482
       -0.010368      -0.0100747
      -0.0105316      -0.0102026
      -0.0105009      -0.0102846
      -0.0115685      -0.0115074
      -0.0110077      -0.0108109
      -0.0103879      -0.0101728
      -0.0103577      -0.0101232
     -0.00996782     -0.00986697
      -0.0113932      -0.0113316
      -0.0108795      -0.0106833
      -0.0103144      -0.0100848
      -0.0100024     -0.00990437
      -0.0109576      -0.0108955
      -0.0105884      -0.0103924
      -0.0101026     -0.00989751
      -0.0102606      -0.0100434
      -0.0101511      -0.0100639
      -0.0104831      -0.0104107
      -0.0103366      -0.0101348
      -0.0132041      -0.0131078
      -0.0132385      -0.0131466
      -0.0147335      -0.0145469
      -0.0128029      -0.0128467
       -0.013528      -0.0134029
      -0.0138633      -0.0135851
       -0.012556      -0.0124407
      -0.0130456       -0.012871
      -0.0138678      -0.0136651
       -0.012273      -0.0121757
       -0.012805      -0.0126248
     -0.00869721     -0.00869666
      -0.0115942      -0.0114123
      -0.0120882      -0.0121129
      -0.0126048      -0.0126543
      -0.0124431      -0.0124747
      -0.0126306      -0.0125325
      -0.0124893      -0.0124914
      -0.0129621      -0.0129005
      -0.0122137      -0.0122138
      -0.0124978      -0.0123897
      -0.0119203      -0.0118957
      -0.0138488      -0.0135029
      -0.0129705        -0.01294
      -0.0143254      -0.0140402
      -0.0141352      -0.0138362
      -0.0140972      -0.0138864
      -0.0129149      -0.0129477
      -0.0136272      -0.0134369
      -0.0114547      -0.0114273
      -0.0121278      -0.0120598
      -0.0108235      -0.0110261
      -0.0105938      -0.0107157
      -0.0121096      -0.0120305
      -0.0124422      -0.0124243
     -0.00922916     -0.00913224
      -0.0107548       -0.010978
       -0.011024      -0.0109824
      -0.0111433      -0.0108478
      -0.0110842      -0.0107975
      -0.0111082      -0.0108326
      -0.0112057      -0.0109556
      -0.0110669      -0.0107796
       -0.011034      -0.0107428
      -0.0111088      -0.0108224
       -0.011263       -0.011004
      -0.0112981      -0.0110039
      -0.0110495      -0.0107645
      -0.0111375      -0.0108345
      -0.0111573      -0.0108557
      -0.0108824      -0.0106214
       -0.011051      -0.0107431
      -0.0106855      -0.0104873
      -0.0104169      -0.0103211
      -0.0109783       -0.010761
      -0.0111994      -0.0109614
       -0.010638      -0.0103573
      -0.0111553       -0.010902
      -0.0109199      -0.0106703
      -0.0103654      -0.0105897
      -0.0109052      -0.0106043
       -0.009805     -0.00981261
      -0.0102252      -0.0100539
       -0.011085      -0.0108996
      -0.0111837      -0.0109574
      -0.0109174      -0.0107326
      -0.0103262      -0.0102557
     -0.00979693      -0.0097636
      -0.0105116      -0.0104016
      -0.0107401      -0.0104656
      -0.0109968       -0.010678
      -0.0105609      -0.0102883
      -0.0108515      -0.0105252
      -0.0112249      -0.0113691
      -0.0104984      -0.0103481
      -0.0110451      -0.0107821
     -0.00973788      -0.0097854
      -0.0191578      -0.0185865
      -0.0114578      -0.0116857
     -0.00750273     -0.00773333
      -0.0133563      -0.0131956
      -0.0131692      -0.0128402
      -0.0218549      -0.0212847
      -0.0207808      -0.0200399
      -0.0210866      -0.0202427
      -0.0212924      -0.0209557
       -0.022384      -0.0223577
      -0.0216437      -0.0210517
      -0.0206049      -0.0198545
      -0.0209772      -0.0201429
      -0.0212441      -0.0209214
      -0.0218868      -0.0217875
       -0.021188        -0.02053
      -0.0202514       -0.019483
      -0.0207976       -0.019998
       -0.021216      -0.0209425
      -0.0212813      -0.0208228
      -0.0202155      -0.0196552
      -0.0205658      -0.0200305
       -0.020437      -0.0204912
      -0.0210927      -0.0206331
      -0.0204714      -0.0199418
      -0.0204541      -0.0205089
      -0.0206802      -0.0202113
      -0.0197448      -0.0191902
      -0.0203177      -0.0198061
      -0.0205909      -0.0206537
      -0.0209848      -0.0210671
     -0.00844481     -0.00836877
      -0.0137113      -0.0141342
      -0.0150188      -0.0151927
      -0.0153839       -0.015615
      -0.0151961      -0.0153505
      -0.0170064      -0.0171922
      -0.0134289      -0.0136883
      -0.0158094      -0.0162251
      -0.0156078      -0.0157676
      -0.0159493      -0.0159849
       -0.013855      -0.0140534
      -0.0132406       -0.013679
      -0.0159352      -0.0162975
      -0.0142267      -0.0143873
      -0.0148207      -0.0151477
      -0.0130723      -0.0133692
      -0.0160371      -0.0162742
      -0.0145258      -0.0146736
      -0.0130375      -0.0133856
      -0.0147175      -0.0151272
      -0.0139344      -0.0143968
      -0.0125742      -0.0128747
      -0.0137825      -0.0141419
      -0.0146131      -0.0147437
      -0.0152161      -0.0156682
      -0.0122933      -0.0125468
      -0.0155198      -0.0156035
      -0.0134978      -0.0137798
      -0.0147823      -0.0147885
      -0.0209037      -0.0202986
       -0.014559      -0.0145623
      -0.0152677      -0.0152448
      -0.0163309      -0.0163712
       -0.014599       -0.014802
        -0.01112      -0.0114701
      -0.0130119      -0.0129653
       -0.012717      -0.0128955
      -0.0158451      -0.0159577
      -0.0148652      -0.0153414
      -0.0121465      -0.0123553
      -0.0150005      -0.0153692
      -0.0157288      -0.0157849
      -0.0158922      -0.0160703
      -0.0155519      -0.0160349
     -0.00995595      -0.0105366
      -0.0127467      -0.0126394
      -0.0171345      -0.0172658
      -0.0148218      -0.0149693
       -0.010974      -0.0112914
     -0.00943887     -0.00978316
      -0.0113192      -0.0115058
        -0.01379      -0.0136038
      -0.0177384      -0.0176642
       -0.013424      -0.0133588
      -0.0123084      -0.0118601
      -0.0164155      -0.0163517
     -0.00164511     -0.00179353
     -0.00201415     -0.00220202
     -0.00265921     -0.00283275
     -0.00524607     -0.00526811
     -0.00641997      -0.0064008
     -0.00633543     -0.00625424
     -0.00592672     -0.00588068
     -0.00635068      -0.0062788
     -0.00687594     -0.00680329
     -0.00703546     -0.00701612
     -0.00695155     -0.00688793
     -0.00334411     -0.00343912
     -0.00266239     -0.00279538
     -0.00245975     -0.00260308
     -0.00180747     -0.00196516
     -0.00195736     -0.00210265
     -0.00166152     -0.00179397
     -0.00219688     -0.00234207
     -0.00464431     -0.00465295
     -0.00640285     -0.00634914
     -0.00597373     -0.00594996
     -0.00530571      -0.0053483
     -0.00499361     -0.00507665
     -0.00656889      -0.0065944
     -0.00659024     -0.00662359
      -0.0068071     -0.00689461
     -0.00722207     -0.00721438
     -0.00663761     -0.00664032
      -0.0060067     -0.00606206
     -0.00556519      -0.0056281
     -0.00448958      -0.0046144
     -0.00558802      -0.0056756
     -0.00532928     -0.00537784
     -0.00594459     -0.00599988
     -0.00758632     -0.00760519
     -0.00738871     -0.00740416
     -0.00429737      -0.0044979
     -0.00378235     -0.00396988
     -0.00357537     -0.00379517
     -0.00274755     -0.00292506
     -0.00242416     -0.00261579
     -0.00226058     -0.00243328
      -0.0019889     -0.00214775
     -0.00155868     -0.00173935
      -0.0017649     -0.00191082
      -0.0014819     -0.00162309
     -0.00560197     -0.00593858
     -0.00495728     -0.00521519
     -0.00504032     -0.00529127
     -0.00468499     -0.00490213
     -0.00417384     -0.00441178
     -0.00351055     -0.00372261
     -0.00342716     -0.00357118
     -0.00339358     -0.00347395
     -0.00253809     -0.00265724
     -0.00318843     -0.00329904
     -0.00230322     -0.00239467
      -0.0029535     -0.00306715
     -0.00357737     -0.00370341
     -0.00340202     -0.00354709
     -0.00323359     -0.00334713
      -0.0039505      -0.0040502
     -0.00444994     -0.00453903
      -0.0042592     -0.00435195
     -0.00453062     -0.00465753
     -0.00413421     -0.00428699
     -0.00308028     -0.00319148
     -0.00226797     -0.00235633
     -0.00318771      -0.0032711
     -0.00261185     -0.00269146
     -0.00245934     -0.00254799
       -0.003149     -0.00322054
      -0.0027186     -0.00280408
     -0.00376442     -0.00384133
     -0.00537233     -0.00539305
      -0.0069758     -0.00688624
      -0.0027057     -0.00295509
       -0.003779     -0.00398051
      -0.0043047     -0.00450613
     -0.00464803     -0.00483744
     -0.00460071     -0.00489115
     -0.00480924     -0.00498262
     -0.00325571     -0.00353162
     -0.00242802     -0.00270144
     -0.00257071     -0.00279727
     -0.00385628     -0.00404999
