QM Energy	FF Energy
      -0.0087648     -0.00884194
      -0.0059155     -0.00617844
     -0.00373788     -0.00393116
     -0.00228199     -0.00235443
    -0.000849411    -0.000826044
    -0.000335083    -0.000314926
    -0.000144716    -0.000135504
     -3.5751e-05    -3.42097e-05
     -0.00919694     -0.00921561
     -0.00527221     -0.00548085
     -0.00304541      -0.0031672
     -0.00177524      -0.0018171
    -0.000628669    -0.000619459
    -0.000241738    -0.000231772
    -0.000110119    -0.000102558
     -3.0041e-05     -2.6874e-05
      -4.369e-06    -3.72522e-06
     -0.00884633     -0.00877877
     -0.00620028     -0.00615767
     -0.00372922     -0.00382315
     -0.00218197     -0.00223087
    -0.000789289    -0.000771496
    -0.000311811    -0.000293789
    -0.000136185     -0.00012682
     -3.4258e-05    -3.24584e-05
      -0.0120433       -0.010944
     -0.00665875     -0.00657838
     -0.00379842     -0.00386521
     -0.00221714      -0.0022457
    -0.000800974    -0.000776487
     -0.00755238     -0.00734635
     -0.00313366     -0.00323354
     -0.00190797     -0.00195819
      -0.0007086     -0.00069804
     -0.00939803     -0.00937817
      -0.0053736     -0.00544528
     -0.00310597     -0.00311077
     -0.00182687      -0.0017938
    -0.000674725    -0.000641641
      -0.0101908      -0.0102857
     -0.00581078     -0.00605212
     -0.00334777     -0.00346499
     -0.00195066     -0.00197502
       -0.000696    -0.000674131
     -0.00516396     -0.00521179
     -0.00305544     -0.00305539
     -0.00183089     -0.00179677
    -0.000688911    -0.000654493
    -0.000281016    -0.000264731
    -0.000125929    -0.000119637
     -3.2873e-05    -3.20221e-05
      -4.524e-06    -4.50279e-06
     -0.00542857     -0.00548741
     -0.00113764     -0.00108661
     -0.00680382      -0.0068368
     -0.00133086     -0.00136894
     -0.00415027     -0.00422248
     -0.00568085     -0.00565438
     -0.00118747     -0.00114908
       -0.002925     -0.00292478
     -0.00574469     -0.00573826
     -0.00121157     -0.00117106
     -0.00296977     -0.00297411
     -0.00568797      -0.0056823
     -0.00120078     -0.00116224
     -0.00294167     -0.00294633
     -0.00574807     -0.00575193
     -0.00121434     -0.00117222
     -0.00297564     -0.00297797
     -0.00560089     -0.00560566
     -0.00117236      -0.0011394
     -0.00288547     -0.00289733
     -0.00611773     -0.00631288
     -0.00132735      -0.0012758
       -0.003211     -0.00325437
     -0.00476967     -0.00481868
     -0.00103925    -0.000999571
     -0.00250249     -0.00248565
     -0.00484139     -0.00491465
     -0.00106288     -0.00102215
     -0.00254921     -0.00253839
     -0.00485156     -0.00492293
     -0.00106502     -0.00102481
     -0.00255512     -0.00254427
     -0.00482233     -0.00489787
     -0.00105983     -0.00102087
     -0.00253987     -0.00253277
     -0.00478673     -0.00484005
     -0.00104275     -0.00100447
     -0.00251198     -0.00249782
     -0.00529455     -0.00553181
     -0.00118395     -0.00113041
     -0.00281674     -0.00283521
     -0.00565271     -0.00562085
      -0.0011822     -0.00114383
      -0.0029122     -0.00290815
     -0.00573628     -0.00574465
     -0.00121329      -0.0011697
     -0.00297188     -0.00297191
     -0.00573369     -0.00574794
     -0.00121256     -0.00117001
     -0.00297042     -0.00297279
     -0.00120592     -0.00116549
     -0.00295385     -0.00295921
     -0.00564332     -0.00561972
     -0.00118036     -0.00114383
     -0.00290776     -0.00290737
     -0.00613972     -0.00638465
      -0.0013366     -0.00128042
     -0.00322905     -0.00327485
      -0.0046399     -0.00473115
    -0.000973257    -0.000975317
     -0.00238829     -0.00244718
      -0.0047103     -0.00481016
    -0.000995158    -0.000995658
     -0.00243209     -0.00249359
     -0.00473198      -0.0048334
    -0.000999875    -0.000998779
     -0.00244288     -0.00250418
     -0.00473731     -0.00484837
    -0.000999834      -0.0010013
     -0.00244533     -0.00251131
     -0.00466077     -0.00474047
    -0.000978303    -0.000977203
     -0.00239894     -0.00245286
      -0.0053334      -0.0056332
     -0.00113091      -0.0011272
     -0.00276125     -0.00288397
     -0.00402774     -0.00410057
    -0.000899137    -0.000882747
     -0.00213266     -0.00214191
     -0.00408512     -0.00418585
    -0.000917891    -0.000902757
     -0.00216936     -0.00218834
     -0.00408519     -0.00418737
    -0.000917819    -0.000903301
     -0.00216945     -0.00218942
     -0.00407882     -0.00418142
    -0.000916913    -0.000902233
     -0.00216638     -0.00218661
     -0.00402487     -0.00410078
    -0.000898503    -0.000883232
     -0.00213134     -0.00214261
     -0.00445804     -0.00467813
     -0.00101974    -0.000993556
     -0.00239134     -0.00242749
     -0.00462165     -0.00472891
    -0.000968912    -0.000972224
     -0.00237651     -0.00244219
     -0.00469385     -0.00480202
    -0.000993416    -0.000992839
     -0.00242562     -0.00248679
     -0.00473923     -0.00484568
     -0.00100254     -0.00100125
     -0.00244934     -0.00251033
     -0.00470186     -0.00479736
     -0.00467475     -0.00476966
    -0.000980258    -0.000982278
     -0.00240521     -0.00246755
     -0.00521917     -0.00555248
     -0.00378216     -0.00374873
    -0.000812446    -0.000807258
     -0.00196332     -0.00196312
      -0.0038449     -0.00382687
    -0.000831979    -0.000825667
     -0.00200294     -0.00200577
     -0.00384378     -0.00383063
    -0.000831637    -0.000826379
     -0.00200227     -0.00200757
     -0.00384575     -0.00383281
    -0.000831699    -0.000826695
     -0.00200315     -0.00200855
     -0.00377984     -0.00375357
    -0.000811737    -0.000808294
     -0.00196191     -0.00196558
     -0.00417455     -0.00425526
    -0.000919948    -0.000904111
     -0.00219633     -0.00221343
     -0.00385773     -0.00384311
    -0.000834316    -0.000828759
     -0.00200982     -0.00201388
    -0.000853873    -0.000847805
     -0.00204952     -0.00205847
     -0.00391908      -0.0039226
    -0.000853616    -0.000847322
     -0.00204822     -0.00205703
     -0.00391833      -0.0039192
    -0.000853872    -0.000846763
     -0.00204846     -0.00205552
     -0.00385174     -0.00383692
    -0.000833496    -0.000827766
     -0.00200673     -0.00201099
     -0.00426454     -0.00436753
    -0.000946925    -0.000930403
     -0.00225329     -0.00227506
     -0.00377762     -0.00374008
    -0.000812622    -0.000805546
     -0.00196187     -0.00195876
     -0.00384389      -0.0038219
    -0.000832366    -0.000824654
     -0.00200313     -0.00200329
     -0.00384404     -0.00383164
    -0.000831687     -0.00082662
     -0.00200288     -0.00200818
     -0.00377712     -0.00375488
    -0.000811509    -0.000808708
     -0.00196117     -0.00196645
     -0.00569575     -0.00570275
     -0.00120436     -0.00116381
     -0.00294889     -0.00295295
     -0.00574738     -0.00574417
     -0.00121454     -0.00117133
     -0.00297505     -0.00297525
     -0.00970765       -0.008816
      -0.0019136     -0.00188076
     -0.00489094     -0.00487312
     -0.00485873     -0.00493482
     -0.00106705     -0.00102617
     -0.00255963     -0.00254892
     -0.00483775     -0.00490429
     -0.00106325     -0.00102141
     -0.00254912     -0.00253472
     -0.00573657     -0.00572043
     -0.00120752     -0.00116859
     -0.00296337     -0.00296558
     -0.00574453       -0.005729
     -0.00120904     -0.00116935
     -0.00296701     -0.00296912
     -0.00474275     -0.00484391
     -0.00100557    -0.000999684
     -0.00245443     -0.00250691
     -0.00472876     -0.00483818
     -0.00100189    -0.000998178
     -0.00244678     -0.00250289
     -0.00711075     -0.00734441
     -0.00366084     -0.00383748
     -0.00408739     -0.00418741
    -0.000918634    -0.000903518
     -0.00217117     -0.00218967
     -0.00408626     -0.00418389
    -0.000918497    -0.000902798
     -0.00217055     -0.00218788
    -0.000993888    -0.000993378
     -0.00242769     -0.00248725
     -0.00473633     -0.00484077
     -0.00100265     -0.00100086
     -0.00244796     -0.00250864
     -0.00468927     -0.00479124
    -0.000993301    -0.000991895
     -0.00242361      -0.0024829
     -0.00112438     -0.00111966
     -0.00272747     -0.00284617
     -0.00384853      -0.0038349
    -0.000832051    -0.000827048
     -0.00200452     -0.00200955
     -0.00384981     -0.00383285
    -0.000832472      -0.0008265
     -0.00200529      -0.0020084
     -0.00604986     -0.00597069
     -0.00124833     -0.00121208
     -0.00391796     -0.00392085
    -0.000853632    -0.000847156
      -0.0020478     -0.00205638
     -0.00392146     -0.00392553
    -0.000854034    -0.000847871
     -0.00204957     -0.00205853
     -0.00384402      -0.0038252
    -0.000831943    -0.000825332
     -0.00200256     -0.00200492
     -0.00384365     -0.00383014
    -0.000831896    -0.000826492
     -0.00200287     -0.00200762
     -0.00384402     -0.00382166
     -0.00083266     -0.00082468
     -0.00418554      -0.0042691
    -0.000921662    -0.000907027
     -0.00220247     -0.00222087
     -0.00575806     -0.00575018
      -0.0012129     -0.00117303
     -0.00297555     -0.00297966
     -0.00321949     -0.00325301
     -0.00608216     -0.00635389
      -0.0013294     -0.00127901
     -0.00320545     -0.00326575
     -0.00792041     -0.00793734
     -0.00165214     -0.00159282
     -0.00409498     -0.00416089
     -0.00730857     -0.00773125
     -0.00158038     -0.00151689
     -0.00384502      -0.0039564
     -0.00841859     -0.00876818
     -0.00178267     -0.00174977
     -0.00439775     -0.00458165
     -0.00483924     -0.00491119
     -0.00106407      -0.0010223
     -0.00255029     -0.00253759
     -0.00534502     -0.00555017
     -0.00118837     -0.00113106
     -0.00283475     -0.00284154
     -0.00534226     -0.00555392
     -0.00118842     -0.00113086
     -0.00283355     -0.00284208
     -0.00729095      -0.0076721
     -0.00157736     -0.00151536
     -0.00383856     -0.00394492
     -0.00635211     -0.00663316
     -0.00140805     -0.00132217
     -0.00337684     -0.00338186
     -0.00660936     -0.00683847
     -0.00143611      -0.0013515
     -0.00347825     -0.00348782
     -0.00570562     -0.00569087
      -0.0012031     -0.00116391
     -0.00294973       -0.002951
     -0.00613428     -0.00644865
     -0.00133745     -0.00129191
     -0.00633608     -0.00662226
     -0.00135668     -0.00131676
     -0.00330576     -0.00340091
     -0.00891002     -0.00877248
     -0.00184031     -0.00180861
     -0.00460263     -0.00470221
      -0.0047459     -0.00485125
     -0.00100571     -0.00100149
     -0.00245586      -0.0025112
     -0.00511355     -0.00539043
     -0.00110482     -0.00109946
     -0.00267324     -0.00277709
     -0.00508083     -0.00530343
     -0.00110106     -0.00108689
     -0.00266036     -0.00273412
      -0.0060605      -0.0063591
     -0.00129988     -0.00127573
     -0.00316746     -0.00326838
       -0.006226      -0.0065608
     -0.00132951     -0.00130916
     -0.00325026     -0.00337423
    -0.000919338    -0.000902857
     -0.00217239     -0.00218791
      -0.0044586     -0.00467796
     -0.00101852     -0.00099257
     -0.00238967     -0.00242628
     -0.00443539      -0.0046482
     -0.00101481    -0.000989008
     -0.00237874      -0.0024144
     -0.00629271     -0.00647454
     -0.00137003     -0.00130981
     -0.00330804     -0.00334434
      -0.0054339     -0.00559623
     -0.00121942     -0.00115405
     -0.00544252     -0.00568567
     -0.00122123     -0.00116271
     -0.00471977     -0.00482349
       -0.001001    -0.000995719
     -0.00244198     -0.00249587
     -0.00534515     -0.00566087
      -0.0011302     -0.00112981
     -0.00276392      -0.0028952
     -0.00510019     -0.00539444
     -0.00109804     -0.00109774
     -0.00265963       -0.002778
     -0.00706669     -0.00733883
      -0.0014678     -0.00146212
     -0.00364301     -0.00380279
     -0.00384979     -0.00383652
    -0.000832295    -0.000827363
     -0.00200531     -0.00201038
     -0.00418282     -0.00425864
    -0.000922312     -0.00090569
      -0.0022021     -0.00221655
     -0.00419286     -0.00427525
    -0.000923324     -0.00090889
      -0.0022065     -0.00222515
     -0.00309717     -0.00310064
     -0.00515676     -0.00519624
     -0.00110774     -0.00106859
     -0.00268909     -0.00268284
     -0.00513957     -0.00518506
     -0.00110639     -0.00106573
      -0.0026836     -0.00267504
     -0.00391836      -0.0039181
    -0.000854237    -0.000846737
     -0.00204873      -0.0020552
     -0.00426063     -0.00436773
    -0.000945343    -0.000930319
     -0.00225031     -0.00227503
     -0.00424461     -0.00435439
    -0.000941845    -0.000928567
     -0.00224108     -0.00226962
     -0.00384759     -0.00382932
     -0.00416903     -0.00425374
    -0.000918348    -0.000903832
     -0.00219299     -0.00221277
     -0.00416919     -0.00424496
    -0.000918921    -0.000903805
      -0.0021938     -0.00221083
     -0.00605983     -0.00598943
     -0.00125236     -0.00121451
     -0.00310428     -0.00310913
     -0.00093018    -0.000873048
    -0.000369827    -0.000333762
    -0.000160988    -0.000144379
     -7.6953e-05    -6.96197e-05
    -0.000802861    -0.000802871
    -0.000315316    -0.000298905
    -0.000138172    -0.000126294
     -6.7049e-05     -5.9924e-05
      -4.825e-06    -4.12275e-06
     -0.00132259     -0.00137382
    -0.000484662    -0.000461548
    -0.000198595    -0.000175701
     -9.1089e-05    -7.73267e-05
      -5.713e-06    -4.64859e-06
    -0.000848994    -0.000815023
      -0.0120161      -0.0109278
     -0.00681004     -0.00681505
     -0.00232828     -0.00236086
    -0.000334861     -0.00030968
    -0.000145327    -0.000133149
     -6.9484e-05    -6.40294e-05
      -4.775e-06    -4.55656e-06
    -0.000645997    -0.000622206
     -0.00026521    -0.000252203
    -0.000119877    -0.000114191
      -4.444e-06    -4.30738e-06
    -0.000644637    -0.000620696
    -0.000264693    -0.000251871
    -0.000119655    -0.000114127
     -5.9269e-05    -5.68888e-05
      -4.438e-06    -4.31061e-06
    -0.000712509    -0.000700242
    -0.000286393    -0.000271255
    -0.000127729    -0.000118842
      -6.273e-05    -5.79351e-05
      -4.619e-06    -4.21489e-06
    -0.000553486    -0.000533247
    -0.000230901    -0.000222712
     -0.00010573    -0.000103262
     -5.2895e-05    -5.23951e-05
    -0.000701166    -0.000688999
    -0.000283391    -0.000273302
    -0.000126142    -0.000121663
      -6.169e-05    -5.99618e-05
    -0.000532068    -0.000526995
    -0.000221691    -0.000219378
    -0.000101767    -0.000101419
     -5.1119e-05     -5.1362e-05
      -4.005e-06    -4.08624e-06
     -0.00567872     -0.00565101
     -0.00118669     -0.00114928
     -0.00292423     -0.00292391
      -0.0061313     -0.00633098
     -0.00133179     -0.00127388
     -0.00402402     -0.00411001
       -0.004672     -0.00476364
    -0.000979336    -0.000981293
     -0.00289567     -0.00288423
      -0.0061861     -0.00648159
     -0.00131239     -0.00128444
     -0.00321395     -0.00331362
    -0.000832506    -0.000826007
     -0.00200448     -0.00200687
     -0.00514337     -0.00518598
      -0.0011058     -0.00106631
     -0.00268215     -0.00267741
     -0.00490441     -0.00492063
     -0.00272388     -0.00280123
     -0.00272264     -0.00279957
     -0.00230287     -0.00235652
     -0.00205605     -0.00207387
     -0.00209592       -0.002115
     -0.00204276     -0.00207314
     -0.00201912     -0.00207445
     -0.00201902     -0.00207585
     -0.00436305      -0.0046345
     -0.00392786     -0.00401194
     -0.00268664     -0.00267832
     -0.00269855     -0.00268774
     -0.00711652     -0.00745818
     -0.00150964     -0.00146207
     -0.00360306     -0.00355618
     -0.00381001      -0.0039011
      -0.0067483     -0.00666819
     -0.00133539     -0.00135684
     -0.00340821     -0.00353832
     -0.00617778     -0.00589519
     -0.00477594     -0.00501643
     -0.00918788     -0.00903884
     -0.00461457     -0.00492333
     -0.00849567     -0.00886517
     -0.00175262     -0.00176983
      -0.0085065     -0.00888459
      -0.0017561     -0.00177179
     -0.00475068     -0.00491678
     -0.00103382      -0.0010281
     -0.00710114     -0.00728847
     -0.00162899     -0.00166969
     -0.00330969     -0.00333379
     -0.00247953     -0.00254385
     -0.00487246     -0.00506011
     -0.00105811     -0.00103421
     -0.00254976     -0.00259728
     -0.00636542     -0.00686494
     -0.00284828     -0.00294727
     -0.00548019     -0.00558199
     -0.00112247      -0.0010725
      -0.0039591     -0.00399448
      -0.0054919     -0.00565757
     -0.00522111     -0.00525122
      -0.0020725     -0.00208798
     -0.00400594     -0.00400334
    -0.000882461    -0.000854083
     -0.00210604     -0.00208483
     -0.00551158     -0.00566633
     -0.00288081     -0.00292427
     -0.00546435     -0.00556841
     -0.00277718      -0.0027225
      -0.0067439     -0.00666368
     -0.00133537     -0.00135617
     -0.00542575     -0.00554746
     -0.00511499     -0.00516589
     -0.00110548     -0.00106689
      -0.0011371     -0.00113867
     -0.00515196      -0.0052001
     -0.00111146     -0.00107092
     -0.00269263     -0.00268301
     -0.00114074     -0.00114037
     -0.00401894     -0.00400687
    -0.000856951    -0.000840899
     -0.00208071     -0.00207597
       -0.004029     -0.00402796
    -0.000841177    -0.000836609
     -0.00206463     -0.00208037
      -0.0040366     -0.00403653
    -0.000861408      -0.0008459
     -0.00209212     -0.00208988
      -0.0028046     -0.00288059
     -0.00559249     -0.00579864
      -0.0008823    -0.000852857
     -0.00401949     -0.00400809
     -0.00086849    -0.000847651
     -0.00209436     -0.00208273
    -0.000884821    -0.000855365
     -0.00550806     -0.00563665
      -0.0028778     -0.00293978
    -0.000885377    -0.000858749
     -0.00404749     -0.00403955
    -0.000874901    -0.000853182
     -0.00211076     -0.00209773
    -0.000887907    -0.000859319
     -0.00544508     -0.00557802
     -0.00283388     -0.00288666
     -0.00669686     -0.00671164
     -0.00134331     -0.00134888
     -0.00338404     -0.00350581
     -0.00672981     -0.00674887
     -0.00131838     -0.00135468
     -0.00336603     -0.00353484
      -0.0067257     -0.00676328
     -0.00135261     -0.00135575
     -0.00340405     -0.00352828
     -0.00468626     -0.00496667
     -0.00951508     -0.00910123
     -0.00104546     -0.00101895
     -0.00250795     -0.00253544
     -0.00490588     -0.00509602
     -0.00104712     -0.00103439
     -0.00254868     -0.00261451
      -0.0049009     -0.00508624
     -0.00106659     -0.00103901
     -0.00256919      -0.0026097
     -0.00630858     -0.00677758
     -0.00482506     -0.00494811
     -0.00105924     -0.00102611
     -0.00254136     -0.00255459
     -0.00483294     -0.00493786
     -0.00104008     -0.00101548
     -0.00252156     -0.00254286
     -0.00483994     -0.00495688
     -0.00106236      -0.0010275
     -0.00254905     -0.00255843
     -0.00681979     -0.00714338
     -0.00352806     -0.00371923
     -0.00741481     -0.00781601
     -0.00159332     -0.00152989
     -0.00388923     -0.00400109
     -0.00420659     -0.00423962
     -0.00648536      -0.0067742
     -0.00142561     -0.00134396
     -0.00343517     -0.00345684
     -0.00730608     -0.00768174
     -0.00158382     -0.00152106
     -0.00385133     -0.00395223
     -0.00657961     -0.00681088
     -0.00136678     -0.00135089
     -0.00338834      -0.0035166
      -0.0013176      -0.0013023
     -0.00322928     -0.00335906
     -0.00542778     -0.00568711
     -0.00122065     -0.00116357
     -0.00289687     -0.00291985
     -0.00674452     -0.00689794
     -0.00138366     -0.00136781
     -0.00345041     -0.00357189
     -0.00511245     -0.00516258
     -0.00110005     -0.00106066
     -0.00266777     -0.00266231
     -0.00513364     -0.00516205
     -0.00110292     -0.00106248
     -0.00267645     -0.00266564
       -0.005106     -0.00516316
     -0.00109917     -0.00106081
     -0.00266463     -0.00266259
     -0.00302758     -0.00303317
     -0.00151823     -0.00147319
     -0.00281009      -0.0028485
      -0.0026745     -0.00266906
     -0.00344096     -0.00353474
     -0.00279877     -0.00278736
     -0.00528383     -0.00533085
     -0.00114235     -0.00107691
      -0.0027653     -0.00272426
     -0.00528608     -0.00533974
     -0.00274499     -0.00272728
     -0.00529345     -0.00533471
     -0.00114419     -0.00107776
     -0.00277049      -0.0027261
     -0.00520799     -0.00523851
     -0.00113322     -0.00106896
     -0.00273538     -0.00268894
     -0.00340348     -0.00358053
     -0.00673464     -0.00678345
     -0.00135292     -0.00135871
     -0.00672641     -0.00676921
     -0.00134923     -0.00135697
     -0.00340103     -0.00353266
     -0.00678152     -0.00681088
     -0.00132738     -0.00136467
     -0.00339233     -0.00356662
     -0.00670192     -0.00672174
     -0.00134703     -0.00135003
     -0.00338967      -0.0035097
     -0.00671148     -0.00673822
     -0.00134515      -0.0013528
     -0.00339154     -0.00351848
     -0.00669483     -0.00670981
      -0.0013121     -0.00134878
     -0.00334799     -0.00351601
      -0.0048924      -0.0050597
      -0.0010477     -0.00103057
     -0.00254708     -0.00259773
     -0.00485671     -0.00502246
     -0.00105763     -0.00103135
     -0.00254573     -0.00258315
     -0.00479339     -0.00491253
     -0.00104962     -0.00101994
     -0.00251935     -0.00253791
      -0.0048479     -0.00496774
     -0.00104242     -0.00101868
     -0.00252852     -0.00255479
      -0.0048094     -0.00491131
      -0.0010539     -0.00102105
     -0.00252952     -0.00253868
       -0.004815     -0.00492957
      -0.0010552     -0.00102254
     -0.00253258     -0.00254527
     -0.00482219     -0.00493946
     -0.00103757     -0.00101631
     -0.00251575     -0.00254549
     -0.00484392     -0.00498946
     -0.00106397     -0.00103089
      -0.0025528     -0.00257121
     -0.00488184      -0.0050617
     -0.00106502     -0.00103689
     -0.00256315     -0.00259996
     -0.00505332     -0.00524232
     -0.00106291      -0.0010502
     -0.00260577     -0.00267723
     -0.00482821      -0.0049851
     -0.00106051     -0.00103049
     -0.00254413     -0.00257027
    -0.000854021    -0.000855861
     -0.00211023     -0.00215856
      -0.0040731     -0.00409757
    -0.000864502    -0.000850302
     -0.00210418     -0.00211189
      -0.0040525     -0.00407803
    -0.000859821    -0.000846449
     -0.00209189     -0.00210215
     -0.00406129      -0.0041026
    -0.000844886    -0.000844693
     -0.00207732     -0.00211145
     -0.00403186     -0.00402388
    -0.000860424    -0.000844017
     -0.00208913     -0.00208423
     -0.00399936     -0.00399029
     -0.00085289    -0.000838218
     -0.00207008     -0.00206853
     -0.00402923     -0.00403144
    -0.000841658    -0.000836647
     -0.00206508     -0.00208119
     -0.00406646       -0.004073
    -0.000877571    -0.000856167
     -0.00211899      -0.0021099
     -0.00403397     -0.00402805
    -0.000888366    -0.000857352
     -0.00212057       -0.002095
     -0.00402046     -0.00401555
    -0.000886247    -0.000857537
     -0.00211535     -0.00209219
     -0.00405436     -0.00404995
    -0.000876628    -0.000854899
     -0.00211531     -0.00210229
     -0.00401671     -0.00400835
    -0.000885715    -0.000856569
     -0.00211333      -0.0020892
     -0.00402322     -0.00402113
    -0.000885977    -0.000858628
     -0.00211648     -0.00209507
     -0.00403816     -0.00402518
    -0.000871797    -0.000850392
     -0.00210383     -0.00209057
      -0.0040344     -0.00403649
    -0.000888455    -0.000861329
     -0.00212307     -0.00210228
     -0.00404187     -0.00404646
    -0.000888126    -0.000860189
     -0.00212366      -0.0021034
      -0.0040569     -0.00406442
    -0.000874329    -0.000853014
     -0.00211135     -0.00210378
     -0.00401493     -0.00400892
    -0.000884097    -0.000856679
     -0.00211147     -0.00208949
     -0.00394614     -0.00397138
    -0.000837689    -0.000842263
     -0.00203827     -0.00206952
      -0.0039353     -0.00396059
    -0.000852068    -0.000848381
     -0.00205162     -0.00206967
     -0.00396074      -0.0039846
    -0.000839749    -0.000843891
     -0.00204496     -0.00207498
     -0.00394462     -0.00397077
    -0.000853331     -0.00084972
     -0.00205595     -0.00207396
     -0.00393707     -0.00396311
    -0.000852016    -0.000848756
     -0.00205203     -0.00207078
     -0.00477115     -0.00490482
     -0.00402208     -0.00402311
     -0.00211555     -0.00209584
     -0.00401336     -0.00400552
     -0.00211102     -0.00208689
     -0.00400175     -0.00398718
     -0.00210458     -0.00207916
     -0.00402734     -0.00402074
     -0.00211989     -0.00209573
    -0.000700344     -0.00065582
    -0.000284726     -0.00026075
     -6.3081e-05    -5.74481e-05
      -4.663e-06    -4.23709e-06
    -0.000926015    -0.000868188
    -0.000368676    -0.000332857
    -0.000160599    -0.000144196
     -7.6801e-05    -6.95774e-05
      -5.189e-06    -4.88439e-06
    -0.000917241    -0.000822571
     -0.00036785    -0.000321726
    -0.000161143    -0.000141641
     -7.7337e-05    -6.90536e-05
      -5.241e-06    -4.90557e-06
    -0.000702438    -0.000651885
    -0.000287309    -0.000263509
    -0.000128907    -0.000119029
     -6.3328e-05    -5.91741e-05
      -4.613e-06     -4.4396e-06
    -0.000942316    -0.000880688
    -0.000372968    -0.000335257
     -0.00016192    -0.000144713
     -7.7263e-05    -6.97124e-05
        -5.2e-06     -4.8862e-06
    -0.000808171    -0.000801541
    -0.000317457    -0.000302706
     -0.00013833    -0.000129353
     -6.6665e-05    -6.19178e-05
      -4.718e-06     -4.3747e-06
     -0.00081832    -0.000800252
     -0.00032261    -0.000301623
    -0.000140918    -0.000128794
     -6.7986e-05     -6.1591e-05
        -4.8e-06    -4.31441e-06
     -0.00131785     -0.00137123
    -0.000483209    -0.000460833
    -0.000198142    -0.000175474
     -9.0936e-05    -7.72382e-05
      -5.712e-06    -4.64464e-06
    -0.000643144    -0.000620946
    -0.000264193    -0.000251758
    -0.000119491    -0.000114011
     -5.9214e-05    -5.68147e-05
      -4.438e-06    -4.30518e-06
    -0.000854104    -0.000816881
    -0.000343466    -0.000319971
    -0.000150657    -0.000140888
     -7.2378e-05    -6.87764e-05
      -4.948e-06    -4.96806e-06
    -0.000657583    -0.000631066
    -0.000270754     -0.00025706
    -0.000122146    -0.000117016
     -6.0247e-05    -5.85832e-05
    -0.000661763    -0.000634121
    -0.000271972     -0.00025805
    -0.000122489    -0.000117364
     -6.0335e-05    -5.87143e-05
      -4.432e-06    -4.50314e-06
    -0.000875633    -0.000843142
    -0.000349719    -0.000325253
     -0.00015282    -0.000141877
     -7.3252e-05    -6.89241e-05
      -4.987e-06    -4.95646e-06
    -0.000284108    -0.000269086
    -0.000126932    -0.000118479
     -6.2403e-05    -5.78987e-05
      -4.604e-06    -4.22115e-06
    -0.000792733    -0.000792792
    -0.000312246    -0.000296245
     -0.00013715    -0.000125473
     -0.00054601    -0.000528379
    -0.000227157    -0.000218756
    -0.000104239      -0.0001007
     -5.2353e-05    -5.08074e-05
      -4.091e-06    -3.98351e-06
    -0.000834484    -0.000805619
    -0.000329401     -0.00030557
    -0.000143415    -0.000131176
     -6.8833e-05     -6.2991e-05
      -4.784e-06    -4.45991e-06
    -0.000555772    -0.000532204
    -0.000232057     -0.00022222
    -0.000106251    -0.000103033
     -5.3127e-05    -5.22837e-05
      -4.084e-06     -4.1638e-06
    -0.000701725    -0.000689457
    -0.000283524    -0.000273421
    -0.000126174      -0.0001217
     -6.1696e-05    -5.99748e-05
      -4.492e-06    -4.48533e-06
    -0.000822351    -0.000767454
    -0.000331562    -0.000302922
    -0.000145961    -0.000134346
     -3.6768e-05    -3.51329e-05
      -4.853e-06     -4.8316e-06
    -0.000821342    -0.000770428
    -0.000145756    -0.000134714
     -7.0209e-05    -6.61054e-05
       -4.84e-06    -4.83597e-06
    -0.000979782    -0.000912968
    -0.000387491    -0.000346138
    -0.000167623     -0.00014881
     -7.9628e-05    -7.14721e-05
      -5.283e-06    -4.97871e-06
     -0.00240436     -0.00246415
     -0.00290103     -0.00291845
    -0.000760739    -0.000710687
    -0.000311332    -0.000288955
    -0.000138453    -0.000131314
     -6.7161e-05    -6.56297e-05
      -4.679e-06    -4.99768e-06
     -0.00378278     -0.00375599
    -0.000684335    -0.000649853
    -0.000279362    -0.000262176
    -0.000125279     -0.00011832
     -3.2738e-05    -3.16598e-05
       -4.51e-06    -4.45857e-06
    -0.000659618    -0.000631679
      -4.816e-06    -4.11409e-06
    -0.000731664    -0.000696229
    -0.000296404    -0.000277366
    -0.000131599    -0.000123964
       -4.57e-06     -4.5866e-06
    -0.000727061    -0.000697143
    -0.000294818    -0.000276908
     -0.00013108    -0.000123566
     -6.3861e-05      -6.101e-05
       -4.57e-06    -4.56596e-06
    -0.000520631    -0.000529806
    -0.000216597    -0.000220746
     -9.9362e-05    -0.000102105
     -4.9929e-05    -5.17538e-05
      -3.931e-06    -4.14784e-06
      -0.0124233      -0.0123279
     -0.00427833     -0.00423629
    -0.000271298    -0.000257861
    -0.000122196    -0.000117472
     -6.0193e-05    -5.88188e-05
      -4.424e-06    -4.51452e-06
     -2.0094e-05    -1.88441e-05
     -0.00344306     -0.00353676
     -0.00354875     -0.00363374
     -0.00336604       -0.003462
     -0.00352482     -0.00361295
     -0.00349436     -0.00358511
     -0.00347631     -0.00356861
     -0.00344707     -0.00354075
      -0.0034571     -0.00355045
     -0.00343052      -0.0035244
     -0.00342552     -0.00352016
     -0.00342329     -0.00351801
     -0.00343711     -0.00353065
     -0.00341432     -0.00350928
      -0.0122085      -0.0111257
     -0.00693642     -0.00694568
     -0.00557087     -0.00566602
     -0.00448788     -0.00459572
     -0.00362489      -0.0037127
     -0.00336583     -0.00344328
     -0.00329545      -0.0033698
     -0.00309345     -0.00315833
     -0.00264325     -0.00268462
     -0.00193793     -0.00193921
     -0.00142873     -0.00140454
       -0.000541    -0.000505128
    -0.000870898    -0.000831807
     -0.00340769     -0.00349608
     -0.00153747     -0.00140959
      -0.0126172     -0.00957402
     -0.00226489     -0.00239965
     -0.00801244     -0.00837857
     -0.00165045     -0.00168854
        -0.00808     -0.00841829
     -0.00166078     -0.00169671
     -0.00674925     -0.00679258
     -0.00137799     -0.00136529
     -0.00674307     -0.00679168
     -0.00137426     -0.00136513
     -0.00395697     -0.00399307
     -0.00388645     -0.00395039
     -0.00388868     -0.00395506
     -0.00438202     -0.00466763
     -0.00371763     -0.00383892
     -0.00377438     -0.00370592
     -0.00439098     -0.00467421
     -0.00368319     -0.00379776
     -0.00338412     -0.00350597
     -0.00338537     -0.00350794
     -0.00466148     -0.00495017
     -0.00615292     -0.00588908
     -0.00248911     -0.00255075
     -0.00248546     -0.00254703
     -0.00411848     -0.00442146
     -0.00364328     -0.00380418
     -0.00333743     -0.00347966
     -0.00404902     -0.00436849
     -0.00333364      -0.0033663
     -0.00336004     -0.00352375
     -0.00415225     -0.00444629
     -0.00341385      -0.0034291
     -0.00281573     -0.00287753
     -0.00285632     -0.00298426
     -0.00207358     -0.00209039
      -0.0020751     -0.00209093
     -0.00343954     -0.00354776
     -0.00285853     -0.00291831
     -0.00287593     -0.00290804
     -0.00343923     -0.00354273
     -0.00285483     -0.00288535
     -0.00277779     -0.00272121
     -0.00275835     -0.00270173
     -0.00284421     -0.00288402
      -0.0034338     -0.00354279
     -0.00286285     -0.00289667
       -0.002019     -0.00207305
     -0.00279738     -0.00288072
      -0.0020191     -0.00207515
     -0.00279149     -0.00287727
     -0.00280133     -0.00288434
     -0.00291768     -0.00305041
     -0.00342876     -0.00353115
     -0.00287337     -0.00291288
     -0.00286371     -0.00293513
     -0.00342906     -0.00353588
     -0.00287225      -0.0029258
     -0.00343181     -0.00353258
     -0.00287593     -0.00294144
      -0.0060692     -0.00586377
     -0.00479637     -0.00502899
     -0.00609951     -0.00587339
     -0.00484195     -0.00505288
     -0.00405531     -0.00437322
     -0.00332956     -0.00348435
     -0.00362431     -0.00379003
     -0.00412087     -0.00442228
     -0.00345255     -0.00363452
      -0.0033586     -0.00353513
     -0.00401411     -0.00434275
     -0.00349377     -0.00368384
     -0.00363262     -0.00372834
     -0.00355595     -0.00364934
     -0.00348099     -0.00357193
     -0.00492442     -0.00497396
     -0.00455595     -0.00465228
     -0.00447854      -0.0045764
     -0.00435256     -0.00443163
     -0.00387224      -0.0039808
     -0.00336506     -0.00344439
     -0.00343246     -0.00349556
     -0.00333947     -0.00342554
     -0.00347919     -0.00357519
     -0.00349563     -0.00358963
     -0.00449499     -0.00460092
     -0.00349805     -0.00358193
      -0.0034659      -0.0036181
     -0.00333395     -0.00342564
     -0.00344555     -0.00351573
      -0.0033018      -0.0033987
     -0.00333195      -0.0033858
     -0.00322479     -0.00329985
     -0.00513065     -0.00518498
     -0.00347837     -0.00354615
     -0.00341432     -0.00346458
      -0.0035216     -0.00359806
     -0.00337025     -0.00342918
     -0.00374633     -0.00383622
     -0.00341627     -0.00350377
     -0.00595676     -0.00600297
     -0.00343321     -0.00353658
     -0.00346363     -0.00353769
     -0.00351908     -0.00359118
     -0.00351495     -0.00359268
     -0.00346189     -0.00353703
     -0.00343251     -0.00353521
     -0.00346295     -0.00353654
     -0.00351801     -0.00359083
     -0.00346774     -0.00356072
     -0.00341405     -0.00351009
     -0.00338576      -0.0035086
     -0.00341743     -0.00351029
     -0.00347206     -0.00356823
     -0.00346735      -0.0035606
     -0.00341407     -0.00350942
     -0.00341697     -0.00350963
     -0.00347172     -0.00356721
     -0.00346774     -0.00356079
     -0.00341373     -0.00350811
     -0.00338456     -0.00350663
     -0.00341548     -0.00350827
     -0.00347021     -0.00356473
     -0.00346864     -0.00356218
     -0.00341439     -0.00350753
      -0.0045442     -0.00464897
     -0.00458096     -0.00468128
     -0.00491387     -0.00499296
     -0.00456561     -0.00465806
      -0.0046212     -0.00471261
     -0.00490631     -0.00495191
     -0.00443903     -0.00452724
     -0.00458995      -0.0046652
     -0.00480012     -0.00487039
     -0.00447259      -0.0045639
      -0.0046499     -0.00471966
     -0.00332088     -0.00341689
      -0.0045226     -0.00464251
     -0.00442692     -0.00452947
     -0.00447645     -0.00457351
     -0.00447088     -0.00456325
     -0.00445503     -0.00454334
     -0.00447954     -0.00456858
     -0.00457563     -0.00466181
     -0.00438721     -0.00448289
     -0.00450642     -0.00458685
     -0.00431421     -0.00440137
     -0.00478989     -0.00484631
      -0.0044921     -0.00458838
     -0.00492134     -0.00497467
     -0.00487566     -0.00492918
     -0.00498702     -0.00503809
     -0.00466022     -0.00475068
     -0.00480574     -0.00487142
     -0.00421762     -0.00432061
     -0.00445172     -0.00453319
     -0.00401834     -0.00415012
     -0.00397025     -0.00407628
     -0.00438295      -0.0044753
     -0.00459486     -0.00467472
     -0.00309842     -0.00316606
     -0.00404793     -0.00417911
     -0.00409501      -0.0041889
     -0.00349935     -0.00355741
     -0.00347795     -0.00355527
     -0.00349688     -0.00355445
     -0.00352388     -0.00360098
     -0.00349124     -0.00355144
     -0.00351103     -0.00359798
     -0.00352122     -0.00359926
     -0.00353089     -0.00361468
     -0.00352886     -0.00359666
     -0.00351275     -0.00361284
      -0.0034795     -0.00353885
     -0.00348935     -0.00355276
     -0.00349595     -0.00356808
     -0.00346994     -0.00353006
     -0.00347029     -0.00356715
     -0.00337284     -0.00346308
     -0.00350684     -0.00358467
     -0.00350078      -0.0035929
     -0.00344994     -0.00351074
      -0.0035216     -0.00358814
     -0.00349536     -0.00359323
     -0.00325746     -0.00339858
     -0.00350078     -0.00359371
     -0.00318926     -0.00328236
     -0.00337166     -0.00345068
     -0.00348868     -0.00357291
       -0.003502     -0.00357992
     -0.00347649     -0.00355949
     -0.00338606     -0.00347861
     -0.00329247     -0.00338648
     -0.00338759     -0.00347412
     -0.00346489      -0.0035445
     -0.00350486      -0.0035641
     -0.00347924     -0.00355846
     -0.00347968     -0.00354449
      -0.0034327     -0.00356624
     -0.00340689     -0.00348835
     -0.00352797     -0.00360145
     -0.00376522     -0.00386806
     -0.00695969     -0.00685476
     -0.00458927     -0.00485286
     -0.00298293     -0.00316075
     -0.00515928     -0.00521959
     -0.00524937     -0.00524386
     -0.00684867     -0.00674296
     -0.00683244      -0.0067228
     -0.00685188     -0.00673683
     -0.00687533     -0.00687165
     -0.00686552     -0.00688474
     -0.00684763     -0.00674088
     -0.00683121     -0.00672124
     -0.00685089     -0.00673577
     -0.00687462     -0.00687161
     -0.00686646     -0.00687901
     -0.00684636     -0.00673656
     -0.00682867     -0.00671815
     -0.00684879     -0.00673383
     -0.00687206     -0.00687199
      -0.0067702     -0.00668467
     -0.00674965      -0.0066697
     -0.00676679     -0.00668873
      -0.0067878     -0.00683658
     -0.00676872     -0.00668336
     -0.00676605     -0.00668699
     -0.00678791     -0.00683393
      -0.0067658       -0.006681
     -0.00674544     -0.00666518
     -0.00676463     -0.00668325
     -0.00678807     -0.00682733
     -0.00678811     -0.00682012
     -0.00338442      -0.0034331
     -0.00570244     -0.00572018
     -0.00579653     -0.00586928
     -0.00602274     -0.00605666
     -0.00582738     -0.00590714
      -0.0061903     -0.00627614
     -0.00557518     -0.00559621
     -0.00626332     -0.00635037
     -0.00597909     -0.00607242
     -0.00585826     -0.00595733
     -0.00569991     -0.00569353
     -0.00560405     -0.00561529
     -0.00615482     -0.00622642
     -0.00577099     -0.00579401
     -0.00596266     -0.00602463
     -0.00551054     -0.00552332
     -0.00607689     -0.00616405
     -0.00573931     -0.00577787
      -0.0055564     -0.00555879
       -0.006022     -0.00609441
     -0.00585154     -0.00589773
     -0.00538898     -0.00538648
      -0.0058005     -0.00580858
     -0.00577035     -0.00581443
     -0.00615214     -0.00622181
     -0.00536619      -0.0053585
     -0.00585645     -0.00594522
     -0.00560279      -0.0056321
     -0.00565456     -0.00572776
     -0.00847556      -0.0081412
     -0.00567203      -0.0057359
      -0.0057208      -0.0058177
     -0.00610864     -0.00613992
     -0.00592736     -0.00598935
     -0.00439347     -0.00454291
     -0.00468515     -0.00495761
     -0.00552379     -0.00554124
     -0.00584248     -0.00594316
     -0.00628674     -0.00636006
       -0.005473     -0.00548172
     -0.00627395     -0.00629822
     -0.00591768     -0.00597147
     -0.00601259     -0.00612079
     -0.00632205     -0.00640777
     -0.00404778     -0.00420648
     -0.00455564     -0.00479063
     -0.00629832     -0.00637842
     -0.00600151     -0.00604505
     -0.00405685     -0.00418371
     -0.00385936     -0.00396109
     -0.00415938     -0.00426211
     -0.00512768      -0.0054366
     -0.00647685     -0.00647315
     -0.00568122     -0.00569382
     -0.00512655     -0.00545356
     -0.00614943     -0.00622942
     -0.00222118     -0.00226335
     -0.00260495     -0.00266079
     -0.00273184     -0.00279751
     -0.00291795     -0.00299268
     -0.00333064     -0.00341999
     -0.00188586      -0.0019072
     -0.00176346     -0.00177893
     -0.00189362     -0.00189288
     -0.00243693     -0.00245644
     -0.00319547     -0.00320597
     -0.00246374     -0.00255587
     -0.00231745     -0.00237877
     -0.00229552     -0.00235859
     -0.00238583     -0.00244813
     -0.00219161     -0.00223983
     -0.00216381     -0.00221168
     -0.00198442      -0.0020156
     -0.00220918     -0.00224746
      -0.0030144     -0.00308289
     -0.00339668      -0.0034788
     -0.00320789     -0.00328521
     -0.00328469     -0.00337115
     -0.00321846     -0.00329905
     -0.00357327     -0.00367205
     -0.00346428     -0.00356143
     -0.00375977     -0.00387839
     -0.00345813     -0.00357275
     -0.00324374     -0.00333982
     -0.00314595     -0.00323397
     -0.00297823      -0.0030584
     -0.00277398     -0.00284696
     -0.00320389     -0.00329887
     -0.00296789     -0.00304496
      -0.0033092      -0.0034045
     -0.00385137     -0.00395857
     -0.00381943     -0.00393105
     -0.00262159     -0.00265288
     -0.00232126      -0.0023387
     -0.00228421     -0.00230176
      -0.0019352     -0.00193624
     -0.00191576     -0.00191497
     -0.00199764     -0.00199466
     -0.00193018     -0.00192217
     -0.00200968      -0.0020113
      -0.0021018     -0.00209311
     -0.00208003      -0.0020751
     -0.00311408     -0.00313882
     -0.00281083     -0.00281961
     -0.00284157      -0.0028544
     -0.00282872     -0.00284601
     -0.00268149     -0.00269227
     -0.00243839     -0.00245125
     -0.00230789     -0.00232067
     -0.00204839     -0.00204947
     -0.00220852     -0.00222021
     -0.00207135     -0.00207401
     -0.00096512    -0.000919964
     -0.00113958     -0.00109499
     -0.00139649     -0.00135771
       -0.001327      -0.0012882
     -0.00112627     -0.00108654
     -0.00137409     -0.00133194
      -0.0015885      -0.0015407
     -0.00158673     -0.00153225
     -0.00177709     -0.00172628
     -0.00167161     -0.00162867
     -0.00143441     -0.00140462
     -0.00125908     -0.00124046
      -0.0013146     -0.00130656
     -0.00106236     -0.00104387
     -0.00126281     -0.00124093
     -0.00128561     -0.00126719
      -0.0015497     -0.00153545
     -0.00188057      -0.0018753
      -0.0024159     -0.00244235
     -0.00253566     -0.00257751
     -0.00312955      -0.0032355
     -0.00322255     -0.00333518
     -0.00342207     -0.00354301
     -0.00361007       -0.003738
     -0.00375716     -0.00389442
     -0.00357634     -0.00370238
     -0.00342523     -0.00354578
     -0.00306371     -0.00316719
     -0.00285429     -0.00294751
     -0.00306365     -0.00316935
