QM Energy	FF Energy
     -0.00443364     -0.00482998
     -0.00311537     -0.00330176
     -0.00178707     -0.00172509
    -0.000956189    -0.000821056
     -0.00027909    -0.000205624
     -9.1361e-05    -6.55866e-05
     -3.4485e-05    -2.55785e-05
      -7.116e-06    -5.67847e-06
     -0.00494672      -0.0050501
     -0.00213534     -0.00215498
     -0.00102544    -0.000956455
     -0.00051863    -0.000451112
    -0.000148861    -0.000124008
     -5.0295e-05    -4.38981e-05
     -2.1602e-05    -1.91279e-05
      -5.451e-06    -4.90795e-06
       -7.03e-07    -6.36028e-07
     -0.00261353     -0.00257928
     -0.00344297     -0.00318155
      -0.0020215     -0.00191059
     -0.00101978    -0.000923577
    -0.000310976    -0.000263042
    -0.000115737     -9.6848e-05
     -5.0253e-05    -4.25519e-05
     -1.3005e-05    -1.12147e-05
      -0.0123615      -0.0111548
     -0.00458137     -0.00456741
      -0.0020571     -0.00197626
     -0.00103235    -0.000930169
    -0.000315427    -0.000263114
     -0.00347856     -0.00347886
     -0.00136171     -0.00128991
    -0.000731745     -0.00066228
    -0.000225628    -0.000193764
     -0.00384303       -0.003328
      -0.0015912     -0.00145063
    -0.000777825     -0.00067896
    -0.000421977    -0.000351136
    -0.000152111    -0.000121835
     -0.00621039     -0.00596148
      -0.0025433      -0.0024956
     -0.00119425     -0.00108855
     -0.00060063    -0.000508253
    -0.000176031     -0.00014103
     -0.00124567     -0.00130163
    -0.000718825    -0.000692424
    -0.000442064    -0.000390501
    -0.000180622    -0.000147052
     -8.0946e-05    -6.55998e-05
     -3.9654e-05    -3.26567e-05
     -1.1781e-05    -9.98823e-06
      -1.818e-06    -1.58308e-06
     -0.00152981     -0.00178654
    -0.000243147    -0.000223461
     -0.00395426      -0.0043964
    -0.000405551    -0.000407249
     -0.00102229     -0.00133758
     -0.00232687     -0.00220334
    -0.000355638    -0.000303967
    -0.000985983    -0.000907341
     -0.00236456     -0.00233031
    -0.000377309    -0.000321498
     -0.00102227    -0.000962058
      -0.0020408     -0.00203279
    -0.000338979    -0.000289053
    -0.000895109    -0.000850581
     -0.00240625     -0.00238573
    -0.000381341    -0.000317632
     -0.00104064    -0.000967098
     -0.00185672     -0.00183619
    -0.000299409    -0.000258055
    -0.000801068    -0.000759935
     -0.00220217     -0.00218742
    -0.000324732    -0.000259586
    -0.000929914    -0.000846095
    -0.000853967    -0.000921083
    -0.000200295     -0.00016332
    -0.000450329    -0.000420105
    -0.000891475     -0.00101334
    -0.000219652    -0.000180727
    -0.000482345    -0.000464977
    -0.000944693     -0.00106235
    -0.000227269    -0.000187525
    -0.000504839    -0.000485742
    -0.000860995    -0.000996423
    -0.000217079    -0.000180833
    -0.000471229    -0.000461831
    -0.000932432    -0.000980012
    -0.000212196    -0.000173792
    -0.000484022    -0.000448187
    -0.000916447     -0.00102182
    -0.000189091    -0.000141472
    -0.000459663    -0.000415665
     -0.00218145     -0.00205604
    -0.000334634    -0.000282525
    -0.000924876    -0.000843222
     -0.00233854     -0.00231436
    -0.000371703    -0.000305496
      -0.0010133    -0.000933162
     -0.00229521     -0.00226935
    -0.000368193    -0.000301826
    -0.000998101    -0.000918203
    -0.000347903    -0.000290956
    -0.000930607    -0.000871526
     -0.00212985     -0.00200502
    -0.000330261    -0.000276631
    -0.000906729    -0.000824029
     -0.00235099     -0.00228969
     -0.00034657    -0.000257083
     -0.00100021     -0.00086109
      -0.0012451     -0.00132661
    -0.000214458    -0.000189939
    -0.000568375    -0.000553839
     -0.00133153     -0.00146529
    -0.000238375    -0.000214718
    -0.000617681    -0.000619883
     -0.00144694      -0.0015711
    -0.000257121    -0.000227611
    -0.000668668    -0.000661472
     -0.00144248     -0.00158784
     -0.00025415    -0.000229485
    -0.000664244    -0.000668056
     -0.00141848     -0.00146504
    -0.000241443     -0.00020572
    -0.000643258    -0.000606832
     -0.00174804      -0.0023529
    -0.000241347    -0.000214898
    -0.000726083    -0.000797999
    -0.000580959     -0.00088477
    -0.000178569    -0.000146214
     -0.00036352    -0.000395042
    -0.000587983    -0.000951798
    -0.000192728    -0.000155912
     -0.00038145    -0.000423328
    -0.000581225    -0.000925183
    -0.000188018    -0.000152423
    -0.000373342    -0.000412158
    -0.000586449    -0.000925589
    -0.000191217    -0.000151347
    -0.000378861    -0.000411249
    -0.000567243    -0.000844725
    -0.000170767    -0.000140894
    -0.000349244    -0.000378127
    -0.000587067    -0.000891076
    -0.000159317    -0.000121726
    -0.000348496    -0.000366295
     -0.00114417     -0.00131231
     -0.00020503    -0.000186591
    -0.000531091    -0.000545224
     -0.00122797     -0.00141158
    -0.000229163    -0.000204588
     -0.00058247    -0.000594286
     -0.00143783     -0.00162614
    -0.000256047    -0.000231319
    -0.000667015    -0.000679419
     -0.00132625      -0.0014269
     -0.00143858     -0.00156637
    -0.000243721    -0.000224003
    -0.000650346    -0.000655334
     -0.00149939      -0.0015652
    -0.000677044    -0.000913423
    -0.000199894    -0.000175433
     -0.00041086    -0.000437171
    -0.000697627    -0.000991441
    -0.000215324    -0.000187094
    -0.000434093     -0.00047073
    -0.000686927    -0.000983781
    -0.000211183     -0.00018605
    -0.000426069    -0.000467292
    -0.000689229    -0.000985988
    -0.000211125    -0.000186139
    -0.000426567    -0.000467995
    -0.000658613    -0.000897445
    -0.000193144    -0.000172706
    -0.000397494    -0.000429467
     -0.00066605     -0.00093474
    -0.000182455    -0.000149718
    -0.000389236    -0.000410464
    -0.000703696     -0.00101299
    -0.000215736    -0.000191081
    -0.000436111    -0.000480794
    -0.000234887    -0.000204902
    -0.000465161    -0.000521642
    -0.000726924     -0.00109431
     -0.00023422    -0.000201981
    -0.000463448    -0.000514331
     -0.00073769     -0.00110723
    -0.000236512    -0.000203874
    -0.000469105    -0.000519977
     -0.00069972    -0.000993939
    -0.000214608    -0.000187379
    -0.000433386    -0.000471466
     -0.00072792     -0.00103265
    -0.000202689    -0.000164371
    -0.000429722    -0.000452696
    -0.000697554    -0.000944328
    -0.000205993    -0.000180122
    -0.000423555    -0.000450769
    -0.000716267     -0.00101846
    -0.000220537    -0.000191091
    -0.000445303    -0.000482543
    -0.000690894    -0.000991231
    -0.000210303    -0.000187322
    -0.000425947    -0.000470719
    -0.000652566     -0.00090134
    -0.000189632    -0.000174253
    -0.000391439    -0.000432206
     -0.00204745     -0.00206875
     -0.00034187    -0.000286437
    -0.000902492    -0.000853976
     -0.00237094     -0.00236886
    -0.000379922    -0.000318543
     -0.00102954    -0.000965436
     -0.00943731      -0.0135795
    -0.000841867    -0.000939369
     -0.00314554     -0.00456358
    -0.000931219     -0.00105443
    -0.000227047    -0.000185067
    -0.000501665    -0.000480571
    -0.000880297     -0.00100692
    -0.000218683    -0.000176811
    -0.000479085    -0.000458596
     -0.00225297     -0.00220173
    -0.000363113    -0.000308528
    -0.000975362    -0.000914862
      -0.0022913     -0.00223863
    -0.000366589    -0.000313093
    -0.000989161    -0.000929101
     -0.00146491     -0.00159911
    -0.000259567    -0.000218858
    -0.000680285    -0.000655358
     -0.00135336     -0.00150896
    -0.000242792    -0.000210661
    -0.000632416    -0.000623763
     -0.00348142     -0.00366925
     -0.00134191     -0.00138387
    -0.000574981    -0.000930207
    -0.000186989    -0.000153259
    -0.000370744    -0.000414467
    -0.000582612    -0.000956871
    -0.000192018    -0.000157114
    -0.000379468    -0.000426152
    -0.000241999    -0.000208516
    -0.000620796    -0.000603498
     -0.00142765     -0.00162232
    -0.000253304    -0.000232887
    -0.000660559    -0.000680643
     -0.00121431     -0.00140174
    -0.000226081    -0.000205872
    -0.000574779    -0.000593737
    -0.000229089    -0.000172014
    -0.000660858    -0.000586182
    -0.000690203    -0.000992801
    -0.000211761    -0.000187377
    -0.000427811    -0.000471235
    -0.000703689     -0.00101144
    -0.000216591    -0.000190758
    -0.000437293    -0.000480222
     -0.00290155     -0.00267359
    -0.000411218     -0.00035195
    -0.000724381      -0.0010975
     -0.00023378    -0.000203298
    -0.000462317    -0.000516695
    -0.000727539     -0.00110763
    -0.000234524    -0.000205298
    -0.000464164    -0.000521708
    -0.000700611    -0.000986492
    -0.000216348    -0.000185687
    -0.000436058    -0.000467806
    -0.000688834    -0.000992185
    -0.000209907    -0.000188062
    -0.000425035    -0.000471837
     -0.00071525     -0.00102124
    -0.000220476    -0.000192297
    -0.000674969    -0.000927812
    -0.000181645     -0.00015041
    -0.000391119    -0.000409794
     -0.00234886     -0.00232057
    -0.000377265    -0.000320627
     -0.00101762     -0.00095856
     -0.00102564    -0.000903436
     -0.00234196     -0.00214192
    -0.000339712     -0.00023656
    -0.000989974    -0.000800876
      -0.0044251     -0.00599632
    -0.000496034     -0.00045988
     -0.00163692     -0.00193949
     -0.00279584     -0.00234106
    -0.000402566    -0.000284286
     -0.00116205    -0.000902153
     -0.00475055     -0.00410405
    -0.000623188    -0.000509841
     -0.00190407     -0.00170689
    -0.000864339      -0.0010203
    -0.000219809    -0.000178643
    -0.000476473    -0.000464322
     -0.00108304      -0.0012183
     -0.00020614    -0.000166352
    -0.000520034     -0.00049126
     -0.00111313     -0.00132358
    -0.000204805    -0.000168208
    -0.000525125    -0.000516488
     -0.00297135      -0.0025538
     -0.00040669    -0.000289599
     -0.00120582    -0.000962815
       -0.001627     -0.00137431
    -0.000265497    -0.000182386
    -0.000717692    -0.000542733
     -0.00210594     -0.00230854
    -0.000305732    -0.000244987
    -0.000874935    -0.000823481
     -0.00207686     -0.00206619
    -0.000343747     -0.00029245
    -0.000909519    -0.000862759
     -0.00220936     -0.00204287
    -0.000329624    -0.000233923
     -0.00251906     -0.00287445
    -0.000343649    -0.000278496
     -0.00102732      -0.0010025
     -0.00649037     -0.00762624
    -0.000709001    -0.000685392
      -0.0023967     -0.00281723
     -0.00145141     -0.00161629
    -0.000253742    -0.000222665
    -0.000669484    -0.000664364
     -0.00134494     -0.00145982
    -0.000204309    -0.000168339
    -0.000586769    -0.000560029
     -0.00158559     -0.00163237
    -0.000237996    -0.000188077
    -0.000690141    -0.000625748
     -0.00203282     -0.00171981
    -0.000285999    -0.000205738
    -0.000846992    -0.000666013
     -0.00235339     -0.00217196
     -0.00031715      -0.0002364
    -0.000966486    -0.000813024
    -0.000191799     -0.00015609
    -0.000380313    -0.000424363
    -0.000608525    -0.000902877
     -0.00016045    -0.000123391
    -0.000354402    -0.000370524
    -0.000600824    -0.000889258
    -0.000156452    -0.000122024
    -0.000346544    -0.000366225
      -0.0028727       -0.002939
    -0.000410717    -0.000316469
     -0.00119688     -0.00109625
     -0.00139935     -0.00155655
    -0.000257872    -0.000205044
     -0.00124625     -0.00135218
    -0.000236304    -0.000176729
     -0.00134351     -0.00147602
    -0.000244239    -0.000206495
    -0.000631101    -0.000611115
     -0.00181928     -0.00245404
    -0.000250593    -0.000218728
    -0.000755575    -0.000821446
     -0.00135578     -0.00157804
    -0.000206878    -0.000171525
    -0.000591424     -0.00058864
     -0.00349911     -0.00322988
    -0.000428694    -0.000363787
     -0.00136152     -0.00124483
    -0.000689651    -0.000995517
    -0.000211243    -0.000188275
    -0.000427103    -0.000473013
    -0.000693791    -0.000897574
    -0.000183781    -0.000143704
    -0.000397808    -0.000394092
    -0.000713427    -0.000948221
    -0.000183492    -0.000153393
     -0.00040171    -0.000418047
     -0.00118289     -0.00109081
     -0.00142657     -0.00144631
    -0.000273311    -0.000229082
    -0.000675686    -0.000631259
     -0.00136644     -0.00137341
    -0.000262776    -0.000213489
    -0.000649601     -0.00059219
    -0.000735451     -0.00111319
     -0.00023635    -0.000206367
    -0.000468463    -0.000524447
    -0.000713485     -0.00102656
     -0.00019976    -0.000164222
    -0.000422141    -0.000450945
    -0.000692658     -0.00100061
    -0.000197517    -0.000162663
    -0.000413166    -0.000443008
    -0.000703048     -0.00100489
    -0.000662985    -0.000922831
    -0.000181684    -0.000147542
    -0.000387383     -0.00040493
    -0.000683753    -0.000875999
    -0.000183091    -0.000142726
    -0.000393537    -0.000387757
     -0.00300649     -0.00279988
    -0.000424615    -0.000364203
     -0.00122658     -0.00113543
    -0.000222761    -0.000174443
     -8.3702e-05    -6.62819e-05
     -3.6992e-05    -3.04853e-05
     -1.8434e-05    -1.56471e-05
    -0.000218313    -0.000213867
     -7.4902e-05    -7.26479e-05
     -3.0921e-05    -3.03138e-05
     -1.4596e-05     -1.4447e-05
       -9.95e-07    -9.87855e-07
    -0.000756491    -0.000980579
    -0.000208987    -0.000223801
     -7.2611e-05    -7.25947e-05
     -3.0217e-05    -2.96485e-05
      -1.516e-06    -1.45831e-06
    -0.000333396    -0.000267386
      -0.0128653      -0.0122179
     -0.00495388      -0.0051996
      -0.0011344      -0.0010276
     -0.00011623    -9.11925e-05
     -4.7206e-05    -3.78173e-05
     -2.1714e-05    -1.78558e-05
      -1.335e-06    -1.16279e-06
    -0.000110718    -8.58565e-05
      -4.324e-05    -3.46442e-05
      -1.933e-05    -1.61937e-05
       -7.58e-07    -6.99771e-07
    -0.000117665    -9.28837e-05
     -4.5714e-05    -3.66425e-05
     -2.0308e-05    -1.68015e-05
     -1.0052e-05    -8.53795e-06
       -7.73e-07    -6.90105e-07
    -0.000154266    -0.000145037
     -5.5758e-05    -5.02004e-05
     -2.3807e-05    -2.13673e-05
     -1.1489e-05    -1.03596e-05
       -8.29e-07    -7.53212e-07
     -0.00010973    -9.39996e-05
     -4.7597e-05    -3.95832e-05
     -2.2371e-05    -1.88187e-05
     -1.1388e-05    -9.75504e-06
    -0.000204177    -0.000166735
     -8.2421e-05    -6.67942e-05
     -3.7619e-05     -3.1042e-05
     -1.8923e-05    -1.59203e-05
    -0.000131605    -0.000108273
     -5.9394e-05    -4.76634e-05
     -2.8857e-05    -2.34627e-05
     -1.5089e-05    -1.25094e-05
      -1.276e-06    -1.11713e-06
     -0.00232034     -0.00218983
    -0.000354187    -0.000299291
    -0.000982656    -0.000897489
     -0.00244161     -0.00239205
     -0.00035154    -0.000270742
     -0.00152775     -0.00162245
     -0.00141136      -0.0015035
    -0.000235805    -0.000211473
    -0.000660682    -0.000627811
     -0.00220166     -0.00209624
    -0.000303095    -0.000244979
    -0.000907504    -0.000794399
    -0.000216893    -0.000189662
    -0.000437559    -0.000477256
      -0.0014219     -0.00144664
    -0.000272089    -0.000230112
    -0.000673359    -0.000632647
    -0.000821651     -0.00133391
    -0.000824476    -0.000777832
    -0.000826612    -0.000771873
    -0.000380612    -0.000384621
    -0.000412571    -0.000449698
    -0.000450748     -0.00051041
     -0.00041639    -0.000435311
    -0.000489682    -0.000534509
    -0.000484567    -0.000531349
     -0.00207068     -0.00197814
    -0.000812421    -0.000661052
    -0.000607095     -0.00058309
    -0.000637173    -0.000600167
      -0.0028994     -0.00310976
    -0.000388196    -0.000300867
     -0.00074648    -0.000633477
     -0.00140913     -0.00147664
     -0.00486248     -0.00477382
    -0.000577323    -0.000511437
     -0.00153814     -0.00150857
     -0.00702522      -0.0133757
     -0.00324096     -0.00450471
     -0.00840661      -0.0127629
     -0.00286618     -0.00407496
     -0.00546048      -0.0054029
    -0.000651883    -0.000556774
     -0.00546571     -0.00532344
    -0.000649443     -0.00054928
     -0.00109132     -0.00122459
    -0.000236996    -0.000193396
     -0.00405816     -0.00584316
    -0.000577374    -0.000474162
    -0.000744053    -0.000613965
    -0.000524183     -0.00051498
     -0.00103309     -0.00131742
     -0.00018524    -0.000155531
    -0.000480757    -0.000497475
     -0.00230478     -0.00192073
    -0.000762773    -0.000739702
     -0.00196667     -0.00175736
    -0.000216241    -0.000178507
     -0.00068968      -0.0010244
     -0.00175651     -0.00195582
     -0.00107972     -0.00118065
    -0.000431188    -0.000476874
    -0.000636101    -0.000899822
    -0.000176331    -0.000143146
     -0.00037703    -0.000395259
     -0.00208953     -0.00217715
    -0.000904978    -0.000835778
     -0.00184599      -0.0019353
    -0.000569049    -0.000566361
     -0.00485622     -0.00448983
    -0.000576258    -0.000511583
     -0.00209771     -0.00208553
     -0.00108816     -0.00119884
    -0.000262162    -0.000224578
    -0.000329385     -0.00028347
     -0.00120727     -0.00127868
    -0.000275163    -0.000231384
    -0.000622227    -0.000591831
    -0.000340513    -0.000288673
    -0.000778187    -0.000914893
    -0.000159176    -0.000147183
    -0.000390155    -0.000403596
     -0.00085408    -0.000855846
    -0.000150963    -0.000129463
    -0.000398548     -0.00036621
    -0.000744595    -0.000813923
     -0.00015104    -0.000125826
    -0.000374273    -0.000351909
    -0.000784053    -0.000688356
     -0.00199272     -0.00240551
    -0.000174538    -0.000141384
    -0.000696675    -0.000831633
    -0.000159382    -0.000134613
    -0.000370468    -0.000367889
    -0.000171371    -0.000144504
     -0.00223064      -0.0023105
    -0.000848705    -0.000771397
    -0.000170373    -0.000154049
    -0.000747392    -0.000975783
    -0.000164997    -0.000156678
    -0.000390473    -0.000430053
    -0.000164551    -0.000152021
      -0.0017991     -0.00186065
    -0.000777087    -0.000737811
     -0.00431115     -0.00430503
    -0.000481342    -0.000410053
     -0.00159388     -0.00151656
     -0.00400929     -0.00418671
    -0.000412158    -0.000388244
     -0.00142601     -0.00145679
     -0.00428961     -0.00433301
    -0.000481391    -0.000406156
     -0.00159191     -0.00151441
     -0.00306935     -0.00432162
     -0.00969796      -0.0140342
    -0.000175567    -0.000139042
    -0.000440665    -0.000407947
     -0.00113942     -0.00129159
    -0.000179131    -0.000148435
    -0.000499248    -0.000485916
     -0.00106014       -0.001286
     -0.00019225    -0.000151997
    -0.000497739    -0.000487733
     -0.00257222     -0.00211059
     -0.00119752     -0.00127136
    -0.000213477    -0.000170654
     -0.00056048      -0.0005171
     -0.00122996     -0.00119286
    -0.000199269    -0.000159787
     -0.00054886    -0.000484444
     -0.00113961     -0.00124902
    -0.000208386    -0.000170266
    -0.000539773    -0.000511266
     -0.00333911     -0.00469155
     -0.00125171     -0.00151672
     -0.00289521     -0.00254056
    -0.000419595    -0.000314591
     -0.00120683    -0.000993819
     -0.00189505     -0.00242545
     -0.00170626     -0.00158244
    -0.000283821    -0.000220071
    -0.000759805    -0.000649319
     -0.00294205     -0.00246234
    -0.000416291    -0.000305705
     -0.00121748    -0.000975165
     -0.00306864     -0.00379167
    -0.000375254    -0.000339388
     -0.00120123     -0.00129778
     -0.00029466     -0.00025132
    -0.000863592    -0.000811274
     -0.00116782     -0.00121916
    -0.000230405    -0.000164502
     -0.00057178    -0.000494087
     -0.00348794     -0.00502898
    -0.000395822    -0.000382327
      -0.0013114     -0.00158875
      -0.0012196     -0.00126964
    -0.000243093    -0.000201661
    -0.000588738    -0.000552401
     -0.00134225     -0.00135153
    -0.000258864    -0.000216819
    -0.000636911    -0.000592181
     -0.00116836     -0.00125176
    -0.000240014     -0.00019971
    -0.000571632    -0.000545787
    -0.000645817    -0.000649564
    -0.000389438    -0.000316074
    -0.000759189    -0.000741855
    -0.000576313    -0.000565244
     -0.00187279     -0.00182416
     -0.00066556    -0.000682636
     -0.00121283     -0.00137475
    -0.000234446    -0.000201737
    -0.000581039    -0.000572823
     -0.00126103      -0.0011824
    -0.000570884    -0.000499675
     -0.00121368     -0.00128982
    -0.000236224    -0.000198248
    -0.000583475    -0.000550049
     -0.00110437     -0.00107344
    -0.000220961    -0.000174393
    -0.000538759    -0.000471901
     -0.00140616     -0.00152555
     -0.00415684     -0.00429351
    -0.000464107    -0.000408572
     -0.00411067     -0.00425933
    -0.000456054    -0.000409018
     -0.00151561     -0.00150252
     -0.00398031     -0.00431043
    -0.000408797    -0.000396901
     -0.00141668     -0.00149283
     -0.00434548     -0.00434097
    -0.000487168    -0.000410086
     -0.00160968     -0.00152395
     -0.00420723     -0.00425989
    -0.000467157    -0.000406048
     -0.00155177     -0.00149948
     -0.00399037     -0.00412576
    -0.000409371    -0.000386974
     -0.00141671     -0.00144398
     -0.00109741     -0.00111598
    -0.000181955    -0.000146206
    -0.000495581    -0.000447421
    -0.000971697     -0.00122254
    -0.000184402    -0.000154755
    -0.000465999    -0.000479177
    -0.000933436      -0.0010105
    -0.000180686    -0.000148911
    -0.000452067    -0.000427719
     -0.00113848     -0.00107059
       -0.000187    -0.000146089
     -0.00051139    -0.000436603
     -0.00111071     -0.00118986
    -0.000203906    -0.000167821
    -0.000524396    -0.000495223
     -0.00111873     -0.00118855
       -0.000204    -0.000167771
    -0.000527736     -0.00049438
     -0.00117316     -0.00109409
    -0.000187908     -0.00014495
    -0.000519656    -0.000441785
      -0.0010743     -0.00113205
    -0.000199322    -0.000152362
      -0.0005142    -0.000459448
     -0.00106053     -0.00119784
    -0.000195287     -0.00015346
    -0.000504317    -0.000473367
     -0.00143624     -0.00195243
    -0.000206968    -0.000187739
    -0.000602724    -0.000669011
     -0.00105844      -0.0010785
    -0.000193669    -0.000143258
    -0.000501699    -0.000435377
    -0.000167666    -0.000158434
    -0.000458824    -0.000504522
    -0.000796236     -0.00094466
    -0.000161164    -0.000138109
     -0.00039921    -0.000396836
    -0.000788017    -0.000982661
    -0.000160019    -0.000140216
    -0.000394358    -0.000407541
    -0.000833556    -0.000850344
    -0.000147752    -0.000121668
    -0.000390251    -0.000354459
    -0.000782588    -0.000951983
    -0.000157802    -0.000149846
    -0.000390522    -0.000415656
     -0.00071573    -0.000762692
    -0.000149822    -0.000121877
      -0.0003635    -0.000335294
     -0.00088179    -0.000979148
     -0.00015795    -0.000152282
    -0.000413265    -0.000425278
    -0.000738328    -0.000896536
    -0.000166567     -0.00014054
     -0.00039218    -0.000390438
    -0.000665289    -0.000967485
    -0.000180836    -0.000153375
    -0.000390601    -0.000423873
    -0.000628717    -0.000877906
    -0.000172845    -0.000142465
    -0.000371873    -0.000389115
    -0.000730434    -0.000898667
    -0.000161895    -0.000141127
    -0.000384135    -0.000391748
    -0.000636972    -0.000928952
    -0.000171031     -0.00015473
    -0.000369858    -0.000416287
    -0.000635384    -0.000914507
    -0.000170363    -0.000148967
    -0.000369666    -0.000405798
    -0.000753776    -0.000935367
    -0.000167019    -0.000151755
    -0.000393615    -0.000414147
    -0.000620382    -0.000890231
    -0.000167433    -0.000144678
     -0.00036351    -0.000394678
    -0.000665339    -0.000962373
    -0.000179577    -0.000152656
    -0.000389506    -0.000421853
    -0.000744451    -0.000963322
    -0.000167566    -0.000146958
    -0.000393427    -0.000413359
    -0.000626271    -0.000883195
    -0.000168383    -0.000144903
     -0.00036442    -0.000393092
     -0.00074445    -0.000929899
    -0.000181692    -0.000169851
    -0.000406146    -0.000433545
    -0.000687845     -0.00095183
    -0.000197619    -0.000173422
    -0.000411466    -0.000443839
    -0.000780317    -0.000944079
    -0.000186778    -0.000169668
    -0.000421533    -0.000436451
    -0.000702456    -0.000954653
    -0.000199976    -0.000172777
    -0.000418277     -0.00044355
      -0.0006832    -0.000952955
    -0.000196854    -0.000173686
    -0.000409463    -0.000444327
    -0.000919251     -0.00097957
    -0.000641893    -0.000935587
    -0.000370516    -0.000417197
    -0.000619718    -0.000888771
    -0.000367018    -0.000394176
    -0.000636418    -0.000858793
    -0.000373923    -0.000382999
    -0.000619576    -0.000929492
    -0.000358745     -0.00041314
    -0.000146505    -0.000132246
     -6.0166e-05    -5.46829e-05
     -1.4598e-05    -1.36842e-05
      -1.241e-06    -1.18555e-06
    -0.000224247    -0.000171815
     -8.5276e-05    -6.77509e-05
     -3.7899e-05    -3.16067e-05
     -1.8924e-05    -1.63052e-05
      -1.481e-06    -1.33671e-06
    -0.000180518    -0.000139991
     -7.8073e-05     -6.2974e-05
     -3.8163e-05    -3.19475e-05
     -2.0346e-05    -1.74112e-05
      -1.821e-06    -1.61033e-06
     -0.00013849     -0.00010772
     -5.9391e-05    -4.70169e-05
     -2.8391e-05    -2.31807e-05
     -1.4811e-05    -1.23955e-05
      -1.266e-06    -1.11638e-06
     -0.00024975    -0.000207157
     -9.1236e-05    -7.52403e-05
     -3.9572e-05     -3.3597e-05
     -1.9456e-05    -1.69069e-05
       -1.48e-06    -1.33061e-06
    -0.000324004    -0.000280745
    -0.000118492    -0.000102016
     -5.0726e-05    -4.44282e-05
      -2.444e-05     -2.1783e-05
      -1.716e-06     -1.5837e-06
    -0.000248701    -0.000216965
     -8.5744e-05    -7.47197e-05
     -3.5052e-05    -3.13909e-05
     -1.6353e-05    -1.50111e-05
      -1.075e-06    -1.02636e-06
    -0.000745911    -0.000977319
    -0.000205743    -0.000223665
     -7.1427e-05    -7.27688e-05
     -2.9734e-05    -2.98087e-05
      -1.501e-06    -1.48504e-06
     -0.00011088    -8.42509e-05
     -4.3133e-05    -3.33979e-05
     -1.9222e-05    -1.54241e-05
       -9.55e-06    -7.89025e-06
       -7.44e-07    -6.50024e-07
    -0.000184779    -0.000117062
     -6.3521e-05     -4.1498e-05
     -2.5824e-05    -1.81207e-05
     -1.2078e-05    -9.00564e-06
       -8.43e-07    -7.03365e-07
    -0.000112525    -8.98298e-05
     -4.5539e-05    -3.57165e-05
     -2.0642e-05    -1.65623e-05
     -1.0322e-05    -8.49827e-06
    -0.000117812    -8.91781e-05
     -4.6833e-05    -3.55323e-05
     -2.0992e-05    -1.65086e-05
     -1.0423e-05    -8.48336e-06
          -8e-07    -7.02259e-07
     -0.00019816    -0.000160704
     -6.8403e-05    -5.48942e-05
     -2.8065e-05    -2.33646e-05
     -1.3221e-05    -1.13721e-05
       -9.21e-07    -8.30953e-07
     -5.2584e-05     -4.6316e-05
     -2.2847e-05    -2.06686e-05
     -1.1182e-05    -1.03277e-05
       -8.39e-07    -7.97186e-07
    -0.000220608    -0.000202878
     -7.5833e-05    -6.83533e-05
     -3.1245e-05    -2.82605e-05
    -0.000101149    -8.52843e-05
      -4.234e-05    -3.54976e-05
     -1.9616e-05    -1.67927e-05
      -9.942e-06    -8.69363e-06
        -7.9e-07    -7.20712e-07
    -0.000299449    -0.000239026
    -0.000103487    -8.11806e-05
     -4.1864e-05    -3.36107e-05
     -1.9241e-05    -1.58662e-05
       -1.19e-06     -1.0391e-06
    -0.000116332    -9.27039e-05
     -5.0058e-05    -3.84642e-05
     -2.3277e-05    -1.81082e-05
      -1.173e-05    -9.32962e-06
       -8.92e-07    -7.58225e-07
    -0.000204603    -0.000168784
     -8.2346e-05    -6.75849e-05
     -3.7532e-05    -3.14149e-05
     -1.8873e-05    -1.61179e-05
      -1.466e-06    -1.31045e-06
    -0.000201713     -0.00015107
     -7.4521e-05    -5.65899e-05
     -3.1891e-05    -2.52751e-05
      -8.128e-06    -6.85195e-06
      -1.109e-06    -9.78037e-07
     -0.00019444    -0.000131358
     -3.0425e-05    -2.21453e-05
     -1.4654e-05    -1.11852e-05
      -1.062e-06    -8.95184e-07
     -0.00025648    -0.000198094
     -9.6051e-05    -7.57461e-05
      -4.233e-05      -3.487e-05
     -2.1047e-05    -1.78809e-05
       -1.64e-06    -1.45845e-06
    -0.000634793    -0.000623284
    -0.000596928    -0.000539464
    -0.000143824    -0.000103268
     -5.7792e-05    -4.15711e-05
     -2.6075e-05     -1.9476e-05
     -1.3019e-05    -1.00687e-05
      -1.006e-06    -8.41518e-07
    -0.000657608    -0.000901015
    -0.000170097    -0.000140543
     -7.2684e-05    -6.00028e-05
     -3.4541e-05    -2.90592e-05
      -9.924e-06    -8.62194e-06
      -1.493e-06    -1.33413e-06
    -0.000116693    -8.36111e-05
        -9.8e-07    -8.96431e-07
    -0.000192241    -0.000155463
     -7.2313e-05    -5.79706e-05
     -3.1085e-05    -2.55189e-05
      -1.027e-06    -9.12726e-07
       -0.000166    -0.000130792
     -6.3127e-05     -4.9216e-05
     -2.7391e-05    -2.19595e-05
     -1.3264e-05    -1.09526e-05
       -9.44e-07    -8.31447e-07
    -0.000165722    -0.000137681
     -7.7186e-05    -6.19966e-05
     -3.8281e-05    -3.09581e-05
     -2.0304e-05    -1.66682e-05
      -1.771e-06     -1.5224e-06
     -0.00573828     -0.00698247
     -0.00110013     -0.00114496
     -4.6333e-05     -3.3495e-05
     -2.0775e-05    -1.56196e-05
     -1.0326e-05    -8.04704e-06
       -7.94e-07    -6.68074e-07
      -5.986e-06    -5.11708e-06
     -0.00187463     -0.00182569
     -0.00193837     -0.00186728
     -0.00180098     -0.00176243
     -0.00193211     -0.00186779
     -0.00191462     -0.00185717
     -0.00190203     -0.00184776
     -0.00187797     -0.00182868
     -0.00188679     -0.00183569
     -0.00186337     -0.00181613
     -0.00185937     -0.00181275
     -0.00185734     -0.00181102
     -0.00186886     -0.00182103
     -0.00184829     -0.00180386
      -0.0131681      -0.0123189
     -0.00504822     -0.00525775
     -0.00362953     -0.00373941
      -0.0026678     -0.00267447
     -0.00199442     -0.00192838
     -0.00180692     -0.00172365
     -0.00175722     -0.00166964
     -0.00161727      -0.0015185
      -0.0013197     -0.00120295
    -0.000891834    -0.000769732
     -0.00061334    -0.000506003
    -0.000196291    -0.000150962
    -0.000339782     -0.00026696
     -0.00185616     -0.00181073
    -0.000333464    -0.000280253
      -0.0224264     -0.00881671
     -0.00158068     -0.00239559
     -0.00572798     -0.00620828
    -0.000621175    -0.000526429
     -0.00578131      -0.0063283
    -0.000628666     -0.00053948
     -0.00459493     -0.00454686
    -0.000542831    -0.000447009
     -0.00442338      -0.0044376
    -0.000518576    -0.000445637
    -0.000679234     -0.00102484
    -0.000784012     -0.00111301
    -0.000770951     -0.00110292
      -0.0020891     -0.00199695
     -0.00117081     -0.00111798
    -0.000937885    -0.000943181
     -0.00208866     -0.00197013
     -0.00113513    -0.000965697
      -0.0018278     -0.00176243
     -0.00183095     -0.00176396
      -0.0029589     -0.00414374
      -0.0069506      -0.0133417
    -0.000553398    -0.000532875
    -0.000551233    -0.000524364
     -0.00204872     -0.00208501
      -0.0014795     -0.00182576
     -0.00104344    -0.000791674
     -0.00194619     -0.00194587
    -0.000715682    -0.000629245
    -0.000957731     -0.00071149
     -0.00214005     -0.00222717
    -0.000909688    -0.000917061
    -0.000790001    -0.000685434
    -0.000782253     -0.00084747
    -0.000428332    -0.000475434
    -0.000433675     -0.00047466
     -0.00169603     -0.00163454
    -0.000765573    -0.000757909
    -0.000938429    -0.000901064
     -0.00174643     -0.00165558
    -0.000892652    -0.000842767
    -0.000580308    -0.000548756
    -0.000552073    -0.000519594
    -0.000794775    -0.000776353
     -0.00167357     -0.00162932
    -0.000916602    -0.000871766
    -0.000494461    -0.000537646
    -0.000915238    -0.000857273
    -0.000487175    -0.000532932
    -0.000883516    -0.000846223
    -0.000924974    -0.000871189
    -0.000886216     -0.00105736
     -0.00175556     -0.00166457
    -0.000957667    -0.000893977
    -0.000793007    -0.000767048
     -0.00170807     -0.00163846
    -0.000897457    -0.000796915
     -0.00176966     -0.00167257
    -0.000824872    -0.000755678
     -0.00670762      -0.0132185
     -0.00335819     -0.00471557
     -0.00679222      -0.0132631
     -0.00344673     -0.00483919
     -0.00200801     -0.00202424
     -0.00104933    -0.000759283
     -0.00149597     -0.00173824
     -0.00211966     -0.00217274
     -0.00109625    -0.000935099
    -0.000982786    -0.000775722
     -0.00191472     -0.00192783
     -0.00115944      -0.0012224
     -0.00202086     -0.00199271
     -0.00196414     -0.00192992
     -0.00190927     -0.00186928
     -0.00256666     -0.00242796
     -0.00220946     -0.00218102
     -0.00196419     -0.00193556
     -0.00170507     -0.00161931
     -0.00111767     -0.00110329
     -0.00167664     -0.00158749
     -0.00174068     -0.00163295
     -0.00167613     -0.00159176
     -0.00187443     -0.00177712
     -0.00186177     -0.00176982
     -0.00211924     -0.00209587
      -0.0018876     -0.00180675
     -0.00173153     -0.00162588
     -0.00168258     -0.00158923
     -0.00173303     -0.00162942
     -0.00162978     -0.00154779
     -0.00156846     -0.00147138
     -0.00148465     -0.00140163
     -0.00299582      -0.0028562
     -0.00178641     -0.00170106
     -0.00167291      -0.0015689
     -0.00192946     -0.00186921
     -0.00160065     -0.00149585
    -0.000972888     -0.00100199
     -0.00181285     -0.00176487
     -0.00206745     -0.00218214
     -0.00185092     -0.00176327
     -0.00187735     -0.00181704
     -0.00187931     -0.00183238
     -0.00189505     -0.00182332
     -0.00188798      -0.0018193
     -0.00185053     -0.00176173
     -0.00188024     -0.00181697
      -0.0018841     -0.00182974
     -0.00189489     -0.00184185
     -0.00186929     -0.00181973
     -0.00183197     -0.00176446
     -0.00186083     -0.00181949
     -0.00184723     -0.00181101
       -0.001891     -0.00183923
     -0.00186798     -0.00181918
     -0.00186071     -0.00181943
     -0.00185051     -0.00181352
     -0.00188059     -0.00183302
     -0.00186438     -0.00181834
     -0.00182887     -0.00176295
      -0.0018608     -0.00181899
     -0.00185891     -0.00181933
     -0.00186935     -0.00182604
     -0.00186122     -0.00181834
     -0.00204848     -0.00200318
     -0.00209651     -0.00203103
     -0.00271004     -0.00267043
     -0.00223964     -0.00219809
     -0.00214378     -0.00208615
      -0.0025307       -0.002417
     -0.00191697     -0.00185882
     -0.00205969     -0.00197155
      -0.0024807     -0.00242538
     -0.00192491     -0.00185213
     -0.00215616     -0.00205734
     -0.00160769      -0.0015132
     -0.00165485     -0.00152697
     -0.00192128     -0.00185276
     -0.00200998     -0.00197082
     -0.00198466     -0.00193273
     -0.00185238     -0.00176468
      -0.0020327     -0.00197157
     -0.00216615     -0.00212095
     -0.00177673     -0.00169584
     -0.00194364     -0.00186147
     -0.00173445     -0.00167757
      -0.0023643     -0.00227017
     -0.00204724     -0.00203833
     -0.00255328     -0.00241987
     -0.00244452      -0.0023362
     -0.00266588     -0.00250929
     -0.00226363     -0.00217114
     -0.00238571       -0.002266
     -0.00156718     -0.00151432
     -0.00192761     -0.00185137
     -0.00129417     -0.00124392
     -0.00120479     -0.00116741
     -0.00193218     -0.00191784
      -0.0021888     -0.00211422
     -0.00130666     -0.00121884
     -0.00130455     -0.00123641
     -0.00130986     -0.00125301
     -0.00183397     -0.00173661
     -0.00183757     -0.00175322
     -0.00183075     -0.00174222
     -0.00191442      -0.0018274
     -0.00182139     -0.00172966
     -0.00188771     -0.00178715
     -0.00191055     -0.00183219
     -0.00194981     -0.00187435
     -0.00190729     -0.00182368
     -0.00191372     -0.00183007
     -0.00180928     -0.00171622
     -0.00182612     -0.00173994
     -0.00185865     -0.00177711
     -0.00179407     -0.00170789
     -0.00186484     -0.00179211
      -0.0017559     -0.00168181
      -0.0018912     -0.00181916
     -0.00192161     -0.00184711
     -0.00173524     -0.00162858
     -0.00188422     -0.00180828
     -0.00189341     -0.00180818
     -0.00149828     -0.00142386
     -0.00187902      -0.0017909
     -0.00152739     -0.00146589
     -0.00169803     -0.00159517
     -0.00190562     -0.00183776
     -0.00190191     -0.00183262
     -0.00186662     -0.00178372
     -0.00176169     -0.00168924
     -0.00165264      -0.0015769
     -0.00176292     -0.00168437
     -0.00181555     -0.00172407
     -0.00184039     -0.00174727
     -0.00180965     -0.00171021
     -0.00180712     -0.00170873
     -0.00176359     -0.00169942
     -0.00176779     -0.00168701
     -0.00191532     -0.00183287
    -0.000868017    -0.000939913
     -0.00372376     -0.00354769
     -0.00177148     -0.00166698
    -0.000980382    -0.000882941
     -0.00298475      -0.0028502
     -0.00287862     -0.00273358
     -0.00498026     -0.00497556
     -0.00491495     -0.00474212
     -0.00493682     -0.00495001
     -0.00487572     -0.00514149
     -0.00492492     -0.00511618
     -0.00497662     -0.00497087
     -0.00491523     -0.00473865
     -0.00494005     -0.00494897
     -0.00488028     -0.00513816
     -0.00491447     -0.00511611
     -0.00496861     -0.00496034
      -0.0049155     -0.00473169
     -0.00494793     -0.00494797
     -0.00489038      -0.0051297
     -0.00492516     -0.00497941
     -0.00486436     -0.00477672
     -0.00489135     -0.00500753
     -0.00478928     -0.00512179
     -0.00492066      -0.0049787
     -0.00489212     -0.00500382
     -0.00479821     -0.00512566
     -0.00491048     -0.00497905
     -0.00485843     -0.00476794
     -0.00489469     -0.00499446
     -0.00482087     -0.00513509
     -0.00485161     -0.00514757
     -0.00154662     -0.00144133
     -0.00189614     -0.00190873
     -0.00183033     -0.00189631
     -0.00231965     -0.00232112
      -0.0018605     -0.00194295
     -0.00241505     -0.00249401
     -0.00168599     -0.00174087
     -0.00245825     -0.00239126
      -0.0020089     -0.00201658
     -0.00184936     -0.00196486
     -0.00197733     -0.00202835
     -0.00178491     -0.00180198
       -0.002373     -0.00235846
     -0.00194178     -0.00199113
     -0.00210175     -0.00207823
     -0.00162411     -0.00168126
     -0.00219297       -0.002189
      -0.0018907     -0.00195204
     -0.00175476     -0.00178704
     -0.00215257     -0.00210184
     -0.00203965     -0.00199102
     -0.00153837     -0.00161136
     -0.00204097     -0.00202874
     -0.00189271     -0.00194183
     -0.00234769      -0.0022966
     -0.00149804     -0.00157535
     -0.00185916     -0.00194271
     -0.00168802      -0.0017389
     -0.00161301     -0.00175346
     -0.00295572     -0.00303073
     -0.00165346     -0.00178506
     -0.00164935     -0.00181431
     -0.00242593     -0.00255159
     -0.00203402     -0.00201358
     -0.00182658     -0.00177144
     -0.00167968     -0.00150662
     -0.00157927     -0.00163522
     -0.00187608     -0.00203382
     -0.00249426     -0.00239872
     -0.00153491     -0.00158063
      -0.0026124     -0.00252238
     -0.00203766     -0.00211351
     -0.00204877     -0.00207071
     -0.00254317     -0.00245109
     -0.00135797     -0.00129109
     -0.00170305     -0.00155362
     -0.00251497     -0.00250938
     -0.00217484     -0.00214284
     -0.00136292     -0.00132487
     -0.00118842     -0.00113971
     -0.00161027     -0.00161495
     -0.00243851     -0.00226585
     -0.00300622     -0.00303481
     -0.00180586     -0.00190561
     -0.00220756     -0.00204763
     -0.00233779     -0.00239451
    -0.000494017    -0.000459854
    -0.000537167    -0.000526311
     -0.00061732    -0.000601267
    -0.000904834    -0.000864654
     -0.00111083     -0.00108512
    -0.000825605    -0.000732153
    -0.000758953    -0.000670196
    -0.000777843    -0.000681446
    -0.000972156    -0.000878835
     -0.00106619    -0.000977797
     -0.00109491     -0.00103361
     -0.00067654    -0.000626019
    -0.000613282    -0.000575432
    -0.000601781    -0.000568269
    -0.000500582    -0.000465758
    -0.000510776    -0.000472461
    -0.000455129    -0.000408859
    -0.000512735    -0.000467905
    -0.000848967    -0.000826273
     -0.00110214     -0.00107925
      -0.0010131    -0.000984944
     -0.00092592     -0.00092085
    -0.000828064    -0.000828005
     -0.00107241     -0.00106811
     -0.00105309     -0.00104276
     -0.00111208     -0.00113462
     -0.00120317     -0.00117182
     -0.00105133     -0.00100728
    -0.000936206    -0.000896255
    -0.000872003    -0.000829016
    -0.000718119    -0.000682182
    -0.000886113      -0.0008609
     -0.00082978    -0.000791605
    -0.000931935    -0.000907598
      -0.0012098     -0.00118321
     -0.00118533     -0.00116272
    -0.000575875    -0.000549535
    -0.000495517    -0.000461804
    -0.000468786    -0.000436523
     -0.00037374    -0.000338513
     -0.00035416    -0.000321195
    -0.000361086    -0.000332863
    -0.000345895    -0.000316201
    -0.000343455    -0.000320233
    -0.000357777    -0.000336639
     -0.00034881    -0.000329692
    -0.000629782    -0.000624719
    -0.000576227    -0.000558043
    -0.000588621    -0.000572955
    -0.000588196    -0.000573935
    -0.000527868    -0.000514211
    -0.000485894    -0.000461236
    -0.000497661    -0.000462466
    -0.000481401    -0.000433999
    -0.000444498    -0.000415069
     -0.00045466    -0.000413331
    -0.000236002    -0.000198249
    -0.000276258    -0.000236212
    -0.000345996    -0.000301333
    -0.000312153    -0.000271106
     -0.00027239    -0.000231665
      -0.0003456    -0.000296618
    -0.000401778    -0.000348303
    -0.000389139    -0.000338513
    -0.000412121    -0.000366997
    -0.000387755    -0.000344572
     -0.00039196    -0.000344985
    -0.000349345    -0.000309045
    -0.000432701     -0.00038071
    -0.000327038    -0.000283428
     -0.00035857    -0.000316968
    -0.000410165     -0.00035492
    -0.000453722    -0.000405557
    -0.000594975    -0.000535736
     -0.00086067    -0.000782671
     -0.00106469    -0.000971136
    -0.000636904    -0.000694014
    -0.000736476    -0.000770295
    -0.000789759    -0.000831572
    -0.000819298    -0.000882504
    -0.000790337    -0.000881633
    -0.000801913    -0.000871763
    -0.000667742    -0.000764002
    -0.000601206    -0.000660674
    -0.000603967    -0.000628337
     -0.00073161    -0.000746194
