QM Energy	FF Energy
      0.00226695      0.00133738
     -0.00585416     -0.00602666
     -0.00753586     -0.00762562
     -0.00671449     -0.00680739
     -0.00407336     -0.00409327
     -0.00234794     -0.00234485
      -0.0014243     -0.00142399
    -0.000632793    -0.000637382
     0.000661074    -0.000403515
     -0.00606365     -0.00640394
     -0.00671814     -0.00687642
      -0.0056508     -0.00573579
     -0.00328565     -0.00332402
     -0.00188044     -0.00191433
     -0.00120069     -0.00122208
    -0.000577487    -0.000587191
    -0.000198072     -0.00020155
      0.00660872      0.00557931
     -0.00412947     -0.00334702
     -0.00734965     -0.00682344
     -0.00673557     -0.00652361
     -0.00426657     -0.00420796
     -0.00260078     -0.00257896
     -0.00167478     -0.00167028
    -0.000828195    -0.000835225
      0.00731914      0.00915657
     -0.00529552      -0.0046722
     -0.00757876     -0.00728529
     -0.00689307     -0.00675866
     -0.00436643     -0.00431789
    -0.000166659     -0.00067443
     -0.00676949     -0.00655077
     -0.00590667     -0.00583429
     -0.00361917     -0.00363652
      0.00341737      0.00383002
     -0.00429123      -0.0042363
     -0.00560732     -0.00563332
     -0.00502461     -0.00505329
     -0.00324361     -0.00325636
       0.0025826      0.00241321
     -0.00574321     -0.00603019
     -0.00693168     -0.00714196
     -0.00599443     -0.00610185
     -0.00359266     -0.00361098
     -0.00245701     -0.00303914
     -0.00475015     -0.00507149
     -0.00473326     -0.00489537
     -0.00334473     -0.00338085
     -0.00221315     -0.00222843
     -0.00151577     -0.00152915
     -0.00080602    -0.000817564
    -0.000313606    -0.000319625
      0.00517871      0.00502648
    -0.000903261    -0.000927374
      0.00866839      0.00864478
    -0.000329592    -0.000396577
        0.010136        0.010935
     -0.00132755    -0.000974273
     -0.00353599     -0.00352978
     -0.00422632     -0.00416845
      -0.0013102     -0.00141143
      -0.0039547     -0.00400074
     -0.00457884     -0.00472125
       0.0007645     9.79701e-05
     -0.00352301     -0.00366301
     -0.00349988     -0.00389318
     -0.00326787     -0.00342077
     -0.00457352     -0.00460943
     -0.00573834     -0.00587779
      0.00232234       0.0017798
     -0.00278526     -0.00292303
     -0.00234264      -0.0026755
      0.00299933      0.00297123
     -0.00157592     -0.00166181
     -0.00121529     -0.00148732
      0.00228401      0.00201138
     -0.00154937     -0.00164273
     -0.00109154     -0.00129356
      0.00166606      0.00118724
     -0.00217338     -0.00229522
     -0.00182026     -0.00213013
     -0.00104343     -0.00152265
     -0.00329319     -0.00339451
     -0.00366338     -0.00394867
      0.00174461      0.00110046
     -0.00239156     -0.00254293
     -0.00196104     -0.00234846
     -0.00194516      -0.0021325
     -0.00337917     -0.00343149
      -0.0040316     -0.00416187
      0.00831637      0.00798743
     0.000739337     0.000628991
      0.00272429       0.0023739
    -0.000977734    -0.000850132
     -0.00328587     -0.00332251
     -0.00388214     -0.00392685
     -0.00176612     -0.00201784
     -0.00384802     -0.00390529
     -0.00462899     -0.00482018
     -0.00232243     -0.00259668
     -0.00424205     -0.00429577
     -0.00513044     -0.00532368
     -0.00357041      -0.0036787
     -0.00379457      -0.0041085
      -0.0023859     -0.00241055
     -0.00411958     -0.00416969
     -0.00502604     -0.00512333
      0.00213765      0.00244605
     -0.00171244     -0.00174854
     -0.00163183     -0.00177628
      0.00300854      0.00276324
    -0.000632089    -0.000626097
    -0.000247063    -0.000268179
      0.00192697      0.00148735
     -0.00146852     -0.00149643
     -0.00130928     -0.00143384
      7.3914e-07    -0.000458162
     -0.00242475     -0.00244785
     -0.00274121      -0.0028649
    -0.000558928    -0.000790377
      -0.0025307     -0.00251187
     -0.00302673     -0.00304064
    -0.000711017     -0.00100806
     -0.00240795     -0.00241034
      -0.0029432     -0.00298506
       0.0131189       0.0124862
      0.00221866      0.00218666
      0.00538553      0.00513455
      0.00844501      0.00830154
      0.00192331      0.00190087
      0.00390983      0.00382637
      0.00860313      0.00818565
         0.00164      0.00155323
      0.00374071      0.00349876
      0.00619435      0.00582873
      0.00049543     0.000416855
      0.00200504      0.00178634
      0.00762449      0.00719402
      0.00105575     0.000959222
      0.00295152      0.00269533
      0.00434565      0.00428435
    -7.00035e-05    -8.51247e-05
     0.000923356     0.000872187
       0.0104122       0.0102742
      0.00223891      0.00215141
      0.00479644      0.00456305
      0.00693108      0.00648164
     0.000607983     0.000558833
      0.00210854      0.00196651
       0.0049478      0.00423453
    -0.000393094    -0.000462926
      0.00059305     0.000346864
    -0.000351079     -0.00089255
     -0.00250597     -0.00251213
     -0.00294919     -0.00307155
      0.00238234       0.0018542
     -0.00234013     -0.00246911
     -0.00313107     -0.00309202
     -0.00411214     -0.00406015
      0.00893036      0.00858438
       0.0077788      0.00753961
      0.00221141      0.00227909
      0.00384927      0.00390079
      0.00836684       0.0077995
      0.00220789      0.00222455
      0.00403839      0.00393463
      0.00738243      0.00693243
      0.00171762      0.00175618
      0.00331646      0.00326781
      0.00736844      0.00693973
      0.00175589      0.00179679
      0.00334037      0.00330098
      0.00580948      0.00570925
      0.00124909      0.00134195
      0.00241429      0.00253111
      0.00894662      0.00848637
      0.00179421      0.00172648
      0.00394176      0.00373035
      0.00843854      0.00794331
      0.00234544       0.0023809
      0.00416057      0.00409815
      0.00265673      0.00262601
      0.00485311      0.00460195
      0.00927786      0.00836914
      0.00236205      0.00232658
      0.00446059      0.00419707
       0.0100998      0.00906058
      0.00266029      0.00260273
      0.00498001      0.00465848
      0.00775086      0.00724739
      0.00188019      0.00190894
      0.00356949      0.00349641
       0.0070897      0.00625316
     0.000947938     0.000854406
      0.00256899      0.00221631
      0.00944394      0.00899861
      0.00278262      0.00281082
      0.00488531      0.00483675
      0.00977984      0.00904352
      0.00273731      0.00272249
      0.00494882      0.00476597
      0.00771745      0.00725399
      0.00185928      0.00189516
      0.00354423      0.00349006
      0.00584268      0.00578017
      0.00121238      0.00131402
      0.00239962       0.0025354
       0.0012624     0.000530745
     -0.00321922     -0.00335018
     -0.00309494     -0.00349642
     -0.00101569     -0.00125422
     -0.00368937     -0.00373289
     -0.00426982      -0.0044436
         0.03926       0.0355449
      0.00504003      0.00464964
       0.0146237       0.0130826
    -0.000344312     -0.00083761
      -0.0029543     -0.00304305
     -0.00316116     -0.00343765
      0.00174962      0.00113868
     -0.00201374      -0.0021442
     -0.00167424      -0.0020305
     -0.00239543     -0.00249945
     -0.00435897     -0.00441306
     -0.00526162     -0.00541352
     -0.00140296     -0.00135858
     -0.00383031     -0.00386974
     -0.00449959     -0.00459771
     0.000831317     0.000100191
     -0.00179885     -0.00181905
     -0.00197513     -0.00216883
      0.00306848      0.00241922
    -0.000766958    -0.000783626
    -0.000379525    -0.000549057
      0.00913658      0.00900507
      0.00192634      0.00161365
      0.00682893      0.00644008
     0.000873571     0.000803356
      0.00251313      0.00229546
      0.00904218      0.00856884
      0.00195158      0.00186667
      0.00412601      0.00386919
      -0.0014662     -0.00152132
     -0.00113112     -0.00131154
    -7.96589e-05    -0.000624657
     -0.00238387     -0.00238627
      -0.0027671     -0.00289072
      0.00518173      0.00441803
    -0.000274417    -0.000347365
      0.00076083     0.000493572
      0.00137654      0.00138226
      0.00330915       0.0031496
      0.00768736      0.00725049
      0.00198044       0.0020222
      0.00362038      0.00358031
      0.00893352      0.00842543
      0.00256319       0.0025911
      0.00451017      0.00443583
     -0.00280256     -0.00219627
     -0.00435339     -0.00434269
      0.00957699        0.008665
      0.00251507      0.00248185
      0.00468183      0.00441872
      0.00982625       0.0089191
       0.0027292      0.00269827
       0.0049285      0.00467018
      0.00816585      0.00754582
      0.00204792      0.00205337
       0.0038462      0.00371665
      0.00790185      0.00741339
      0.00196239      0.00199868
        0.003684      0.00362256
       0.0099746      0.00922354
      0.00284401      0.00283199
      0.00758033      0.00720728
      0.00143682      0.00139747
      0.00316411      0.00301164
     -0.00243629     -0.00240424
     -0.00426164     -0.00427513
     -0.00522311     -0.00529438
      -0.0031171     -0.00328911
     -0.00121661     -0.00100113
     -0.00324251     -0.00332451
      -0.0039837     -0.00420614
       0.0203251       0.0186371
      0.00233474      0.00211008
      0.00725887      0.00633829
       0.0113435       0.0123456
      0.00109616      0.00106003
      0.00359434      0.00347488
       0.0193986       0.0212287
      0.00292773      0.00284681
      0.00759204      0.00749243
      0.00263511      0.00188909
     -0.00186809     -0.00200785
     -0.00125684     -0.00166043
      0.00676188      0.00634891
     -8.4549e-05    -0.000218324
      0.00152369       0.0011349
        0.004158      0.00355711
      -0.0014444     -0.00160882
    -0.000474132    -0.000939161
      0.00855704       0.0099102
     0.000650538     0.000656948
      0.00227228      0.00229932
      0.00460421       0.0048825
    -0.000359382    -0.000396391
     0.000340401      0.00012259
       0.0100411      0.00955389
     0.000651516      0.00052869
      0.00289547      0.00238376
     0.000200555    -0.000311055
     -0.00343159     -0.00354196
     -0.00363616     -0.00395563
      0.00497504      0.00520592
    -0.000962528     -0.00103888
      0.00879577      0.00831589
    -0.000598418    -0.000750487
      0.00147866      0.00101559
       0.0228354       0.0221702
      0.00300719       0.0027801
      0.00849308      0.00769362
     0.000525563    -6.05427e-06
     -0.00178088     -0.00175952
     -0.00208162     -0.00217742
      0.00423736      0.00368396
    -0.000776118    -0.000853327
     1.96382e-05    -0.000264692
     -0.00384708     -0.00440839
     -0.00378621     -0.00388513
     -0.00517576      -0.0054754
    -1.51788e-05    -1.23546e-07
     -0.00231001     -0.00236734
     -0.00280983     -0.00300646
      0.00257544      0.00231318
     -0.00178956     -0.00186476
     -0.00153138     -0.00183129
      0.00176278      0.00168258
      0.00388111      0.00362449
      0.00869028       0.0085465
       0.0012747      0.00115675
       0.0034558      0.00319332
      0.00504173      0.00481919
    -0.000531309    -0.000690478
      0.00077366     0.000452024
     -0.00142174    -0.000921926
     -0.00333195     -0.00338972
     -0.00421759     -0.00435489
    -0.000210481    -0.000500989
     -0.00281269     -0.00295104
      0.00252629      0.00220081
     -0.00216786     -0.00233846
      0.00381188      0.00309682
    -0.000637894     -0.00067449
     -9.6674e-06    -0.000225162
       0.0131164       0.0125713
      0.00206738       0.0020294
      0.00527598      0.00505375
      0.00582735       0.0055191
      -0.0005734    -0.000673778
     0.000785219     0.000551678
      0.00648156      0.00723407
    -0.000416929    -0.000418652
     0.000701726     0.000699803
      0.00786033       0.0074278
      0.00212358      0.00216948
       0.0037867      0.00375212
      0.00595448      0.00549284
     0.000548505     0.000496943
      0.00190641      0.00171547
      0.00287462      0.00252759
    -0.000793542    -0.000821529
    -0.000235766    -0.000364921
     -0.00549983     -0.00540369
     -0.00240284     -0.00252146
     -0.00379956     -0.00382945
     -0.00465005     -0.00475209
     -0.00177483     -0.00207475
     -0.00358506     -0.00364553
     -0.00423447     -0.00441784
       0.0104857       0.0094261
      0.00288956      0.00283652
       0.0052841      0.00496079
      0.00655161      0.00580593
     0.000649809     0.000553907
      0.00216206      0.00183235
      0.00645296      0.00575745
     0.000386507     0.000275655
      0.00194205      0.00160944
      0.00890865      0.00832139
       0.0085562      0.00815011
      0.00155921      0.00148529
      0.00363371      0.00343205
      0.00544621      0.00502047
     0.000188689     0.000115501
       0.0014653      0.00126143
     -0.00217066     -0.00153856
     -0.00412939       -0.004106
     -0.00511177     -0.00499544
       0.0010226      0.00102828
     0.000746488     0.000794786
     0.000600885     0.000637278
     0.000478786     0.000501961
    -0.000293176    -0.000339045
    -7.93231e-05     -9.5367e-05
     2.47223e-05     2.04297e-05
     5.60739e-05     5.55666e-05
     3.43267e-05     3.50568e-05
      0.00440735      0.00424454
      0.00209115      0.00209516
      0.00121133      0.00123169
     0.000764061     0.000778359
     0.000136733     0.000138667
     -0.00448773     -0.00447299
      0.00608736      0.00713831
     -0.00590043     -0.00556925
     -0.00725758     -0.00726026
     -0.00265926     -0.00264365
     -0.00165882     -0.00165352
     -0.00110052     -0.00110192
    -0.000258173     -0.00026168
    -0.000922075    -0.000905101
    -0.000475124    -0.000465607
    -0.000246002    -0.000241273
    -1.56383e-05    -1.58066e-05
     -0.00276584     -0.00278306
     -0.00166656     -0.00167697
     -0.00105496     -0.00106339
    -0.000706743    -0.000714049
    -0.000168092    -0.000170902
      0.00121539      0.00120579
     0.000689392     0.000688763
     0.000438385     0.000438628
      0.00029062      0.00029043
      5.3386e-05     5.29359e-05
    -0.000652059    -0.000628547
    -0.000396655    -0.000383488
    -0.000242325     -0.00023589
    -0.000157567    -0.000154772
     -0.00234955     -0.00237874
     -0.00148567     -0.00149392
    -0.000970243    -0.000976562
     -0.00066813    -0.000674605
     0.000897814     0.000926228
     0.000688826     0.000711035
     0.000542097     0.000558051
     0.000425689     0.000437236
     0.000144404     0.000147567
     -0.00352458      -0.0031889
     -0.00437261      -0.0043627
     -0.00565009     -0.00558886
    -2.31715e-05     0.000227242
     -0.00266587     -0.00272493
      0.00650783      0.00588375
     -0.00141777     -0.00143005
     -0.00247312     -0.00241162
      -0.0031218     -0.00350638
      0.00566962      0.00589288
     -0.00053656    -0.000575836
      0.00053198     0.000412681
      0.00250438      0.00252064
      0.00445378      0.00434465
     0.000120187    -8.33558e-05
     -0.00292018     -0.00298382
     -0.00306336     -0.00322712
       0.0113015       0.0101607
     -0.00288317     -0.00311437
     -0.00260279     -0.00286053
       0.0002164    -6.22053e-05
      0.00298212      0.00289027
      0.00459496      0.00427403
     0.000857492      0.00103226
      0.00517582      0.00483521
      0.00485725       0.0045792
      0.00706144      0.00736854
      0.00215354      0.00173478
     -0.00396879     -0.00435984
      -0.0048654     -0.00514037
        0.013343       0.0133793
     0.000950742     0.000874022
      0.00348597      0.00315339
      0.00474856      0.00422263
     -0.00430922     -0.00315039
     -0.00539162     -0.00527935
      -0.0023216     -0.00229323
       0.0271019       0.0242581
       0.0106764      0.00967959
        0.024993       0.0226236
      0.00692605      0.00631628
       0.0201386       0.0225702
      0.00282648      0.00286629
       0.0183575       0.0209531
      0.00239397      0.00246236
      0.00228392       0.0016814
     -0.00165627     -0.00175981
       0.0229622       0.0213409
    -7.29679e-06    -7.02763e-06
      0.00109152     0.000693461
     -0.00070134     -0.00107863
      0.00898036      0.00870672
     0.000697853     0.000592045
      0.00298603      0.00275505
      0.00543561      0.00588453
      0.00203557      0.00201696
    -0.000476367    -0.000239959
     -0.00179585     -0.00180417
      0.00832226      0.00755277
      0.00734489      0.00662106
     0.000184176    -0.000585525
      0.00417735      0.00392216
      0.00838685      0.00826897
       0.0017114      0.00170508
      0.00372504       0.0036875
     0.000696063     0.000382132
      -0.0024099     -0.00262613
      0.00309162      0.00258153
     -0.00177688     -0.00223224
     -0.00367843     -0.00227298
     -0.00522333     -0.00513319
     0.000630099      0.00015842
     0.000735186    -0.000315456
     -0.00320808     -0.00337667
     -0.00292845     -0.00300248
     -0.00166767     -0.00236694
     -0.00385802     -0.00395695
     -0.00441823      -0.0047511
     -0.00304227      -0.0030967
     -0.00166504     -0.00148878
     -0.00222794     -0.00215979
     -0.00295777     -0.00277932
     -0.00215332      -0.0017883
     -0.00203189      -0.0019349
     -0.00298533     -0.00270136
      0.00154543      0.00177913
    -0.000447451    -0.000313199
    -0.000460643    -0.000202985
     -0.00425961     -0.00425222
      0.00799258      0.00808885
    -2.42263e-05    -5.59168e-05
      0.00380075      0.00395163
      1.0994e-05     7.17267e-05
     0.000743606     0.000882299
      0.00175216      0.00177089
     -0.00374898     -0.00410762
     -6.5684e-06    -0.000291932
    -0.000773589    -0.000745397
     0.000159652     0.000173319
     -0.00153362     -0.00145366
     -0.00179436     -0.00166437
     7.39615e-05     0.000116605
      0.00272173      0.00218671
     -0.00181696     -0.00221334
     -0.00195265     -0.00129636
      -0.0042936     -0.00430166
     -0.00539926     -0.00524637
      0.00284323      0.00338522
     -0.00254328     -0.00257339
     -0.00237286     -0.00222776
    -0.000292995     0.000203062
     -0.00338046     -0.00336819
     -0.00414359     -0.00402022
      0.00764844      0.00681222
       0.0301043        0.026344
     -0.00183654     -0.00197066
     -0.00136715     -0.00163143
      0.00536067      0.00547673
    -0.000367032    -0.000368615
     0.000859678      0.00088463
      0.00818205      0.00794936
     0.000668724     0.000626717
      0.00265162      0.00249439
      -0.0021042     -0.00154635
     -0.00318944     -0.00351961
     -0.00364725     -0.00372636
     -0.00472916     -0.00494676
     -0.00395644     -0.00395987
     -0.00356254     -0.00358829
     -0.00494968     -0.00498896
      -0.0006978     -0.00093075
     -0.00239599     -0.00242553
     -0.00289804     -0.00304157
       0.0142809       0.0131008
      0.00398709      0.00323944
        0.016302       0.0172127
      0.00265164      0.00260101
      0.00650354      0.00633468
       0.0108473      0.00976646
       0.0110919       0.0110752
      0.00156122      0.00148144
      0.00409218      0.00374202
      0.00893224      0.00993317
     0.000677919     0.000642556
      0.00246285      0.00233919
       0.0153401       0.0144901
      0.00202002      0.00191165
       0.0057445      0.00527238
      0.00130831      0.00125288
        0.003758      0.00355044
      0.00473741      0.00456329
     -0.00104407     -0.00118876
     1.35501e-05    -0.000366139
       0.0154553       0.0137508
      0.00123096      0.00108572
      0.00496942      0.00428718
      0.00211463       0.0016056
     -0.00213578     -0.00226075
     -0.00172567     -0.00203734
     0.000644201     0.000466337
     -0.00248017     -0.00255445
     -0.00251466     -0.00268329
      0.00281286      0.00213296
     -0.00209601     -0.00223463
     -0.00145653     -0.00183073
     -0.00274467      -0.0033325
      0.00143996       0.0013545
    -0.000951485     -0.00131233
     -0.00306369     -0.00357235
     -0.00801648     -0.00800048
     0.000225858     0.000150117
      0.00284227      0.00231729
     -0.00184618     -0.00194018
     -0.00127116     -0.00156986
      0.00111092      0.00118773
     -0.00182099     -0.00182787
      0.00199659      0.00161482
     -0.00206622     -0.00213713
     -0.00174026     -0.00197627
    -0.000203055    -0.000602464
     -0.00259933     -0.00268876
      -0.0029016     -0.00317023
      0.00130404      0.00124583
      0.00254672      0.00280709
     -0.00228187     -0.00229805
      0.00291638       0.0030372
     -0.00226528     -0.00231362
     -0.00217954     -0.00221766
      0.00617852      0.00630838
     -0.00121522     -0.00126626
     -0.00022745    -0.000219657
     -0.00190013     -0.00119958
     -0.00419851     -0.00418966
     -0.00530702     -0.00513225
       1.796e-05     0.000312879
     -0.00346154     -0.00350015
     -0.00409834      -0.0040696
      0.00197474      0.00270882
     -0.00299369     -0.00302521
     -0.00300081     -0.00280823
      0.00735208      0.00760014
      0.00114276      0.00118447
      0.00273552      0.00282744
      0.00985147      0.00950391
      0.00151691      0.00143286
       0.0039177      0.00368226
      0.00531266      0.00515751
    -5.03317e-05    -0.000138973
      0.00111814     0.000927595
      0.00141997      0.00163595
     -0.00121771     -0.00119556
     -0.00121516     -0.00115136
     -0.00257069     -0.00287046
     -0.00344423     -0.00353747
     -0.00434142      -0.0045684
    -1.23996e-05    -0.000204158
     -0.00236324     -0.00244614
     -0.00259401      -0.0027814
     -0.00336269     -0.00331146
     -0.00342451     -0.00345722
     -0.00459591     -0.00462474
      0.00407651      0.00395682
    -0.000255857    -0.000263786
     0.000472663     0.000374281
      0.00850843      0.00829221
      0.00114892      0.00109868
      0.00315109      0.00298626
       0.0116594       0.0116008
      0.00196772      0.00198519
      0.00481865      0.00482129
     0.000281223     0.000134223
     -0.00221164     -0.00225387
     -0.00236337     -0.00249977
      0.00275339      0.00296178
      0.00507436      0.00559233
      0.00764716      0.00811296
      0.00194768      0.00211587
      0.00358373      0.00393885
      0.00857412      0.00904067
      0.00211387      0.00224304
      0.00406977      0.00438149
      0.00460758      0.00528754
     0.000836678      0.00100527
      0.00165799      0.00209797
     -0.00180433     -0.00170086
     -0.00217544     -0.00208364
     -0.00299172     -0.00280715
      0.00247167      0.00275654
    -0.000356107    -0.000287481
      -2.984e-06     0.000196117
     -0.00408486     -0.00382817
     -0.00307666     -0.00300656
     -0.00449467     -0.00426537
      0.00643365      0.00665595
       0.0014564      0.00159337
      0.00275646      0.00299367
       0.0100231      0.00983083
      0.00259032      0.00262177
      0.00494963      0.00492974
      0.00697808      0.00677121
      0.00139907      0.00142228
      0.00293897      0.00290769
      0.00248585      0.00251489
    -0.000245181    -0.000138426
     1.85486e-05     0.000174013
      0.00288035      0.00266209
    -0.000666575    -0.000657142
    -0.000113002    -0.000155496
      0.00380493      0.00365797
    -0.000110826    -8.76433e-05
     0.000643604     0.000635771
     2.84741e-05     0.000150251
     -0.00164471     -0.00157715
     -0.00190228     -0.00175611
      0.00634248      0.00624465
      0.00134432        0.001414
       0.0026478      0.00269767
      0.00919436      0.00920289
      0.00235339      0.00241461
      0.00447424      0.00454656
      0.00812918      0.00837693
      0.00186752      0.00197537
      0.00370459      0.00391808
       0.0039126      0.00381564
    -6.61024e-05     -4.4269e-05
     0.000727385     0.000730291
      0.00455051      0.00450358
     0.000449603     0.000537277
      0.00129052      0.00143236
      0.00698603      0.00652374
      0.00138327      0.00139276
      0.00290478      0.00281907
      0.00344371      0.00347258
      0.00012605     0.000236765
     0.000642535     0.000833047
      0.00609325      0.00566731
      0.00110204      0.00112718
      0.00236183      0.00230627
      0.00670904        0.006304
      0.00130331      0.00132252
      0.00274499      0.00268611
      0.00213205      0.00186402
       0.0024853      0.00241363
    -0.000331586    -0.000309834
      0.00809035      0.00792091
      0.00362426      0.00359697
      0.00453594      0.00427643
      0.00100097     0.000900166
       0.0039615      0.00375259
     0.000820639     0.000813146
    -0.000850919    -0.000865375
    -0.000601227    -0.000611957
    -0.000309523     -0.00031842
     -0.00010426    -0.000107644
     0.000717221     0.000725276
     0.000613411      0.00066119
     0.000535697     0.000571643
     0.000443896     0.000466853
     0.000156433     0.000161174
      0.00120907      0.00126728
      0.00104795      0.00112734
     0.000900115     0.000956629
     0.000745786     0.000782747
     0.000276995     0.000285524
     -0.00210195     -0.00214586
     -0.00132056     -0.00133478
    -0.000859755    -0.000868982
    -0.000591347    -0.000599405
    -0.000157164    -0.000160418
     0.000943488     0.000931824
     0.000682418     0.000726421
     0.000557227     0.000592368
     0.000449714     0.000472528
     0.000155083     0.000159896
     -0.00406536      -0.0040159
     -0.00243305     -0.00241493
     -0.00152883     -0.00152385
     -0.00101915     -0.00102008
    -0.000237816    -0.000240655
     -0.00173572     -0.00176179
    -0.000926335    -0.000929753
     -0.00050479    -0.000504295
    -0.000294139    -0.000293903
      -4.448e-05    -4.47708e-05
      0.00421286      0.00403666
      0.00193632      0.00193098
      0.00108783      0.00110157
      0.00066485     0.000674447
     9.85007e-05     9.90748e-05
     -0.00269971     -0.00272589
     -0.00167888      -0.0016975
     -0.00109817     -0.00111279
    -0.000759182    -0.000771102
    -0.000201806    -0.000206042
     -0.00201478     -0.00201108
     -0.00095755     -0.00091945
    -0.000432914    -0.000403568
    -0.000185135    -0.000166463
      3.4672e-05     3.86402e-05
      0.00106278      0.00102262
     0.000648478     0.000641275
     0.000442547     0.000441945
     0.000314049     0.000314284
      0.00081098     0.000792145
     0.000517618     0.000517821
      0.00036356     0.000364855
     0.000259762     0.000259891
     5.81846e-05     5.76481e-05
     0.000695748     0.000634239
     0.000499234     0.000515193
     0.000414846      0.00043507
     0.000339483     0.000353975
     0.000121316     0.000124924
     0.000346541     0.000352653
     0.000291676     0.000297087
     0.000232753     0.000236606
     7.14356e-05     7.23798e-05
     -0.00241962     -0.00246416
     -0.00151514     -0.00154763
    -0.000995067     -0.00101639
    -0.000115342    -3.64935e-05
     8.18562e-05     0.000125735
     0.000154534      0.00018123
     0.000165738     0.000183072
     8.73314e-05     9.11411e-05
     -0.00399649     -0.00399372
     -0.00237675     -0.00237115
     -0.00148866     -0.00148893
    -0.000992633     -0.00099692
    -0.000238601    -0.000242272
      0.00201677      0.00205216
      0.00136083      0.00138964
     0.000973531     0.000993956
     0.000717364      0.00073167
     0.000211281     0.000215227
     -0.00245457     -0.00247855
     -0.00153656      -0.0015434
    -0.000997625     -0.00100346
    -0.000684035    -0.000690295
    -0.000177326    -0.000180616
     -0.00205236     -0.00205743
     -0.00113321     -0.00111021
    -0.000634952    -0.000618585
    -0.000234314    -0.000230055
    -5.41389e-05     -5.3498e-05
     -0.00251835     -0.00253783
    -0.000862216    -0.000851063
    -0.000544512    -0.000539901
    -0.000109442    -0.000110143
      0.00114215      0.00115557
     0.000851489     0.000906354
     0.000692765     0.000734119
     0.000556391     0.000582952
     0.000191172     0.000196931
     -0.00326561     -0.00315882
     -0.00165597     -0.00209579
     -0.00184648     -0.00192642
     -0.00120051     -0.00121484
    -0.000779074    -0.000783175
    -0.000526837    -0.000530399
    -0.000124976     -0.00012657
      0.00599137      0.00591093
      -0.0024279     -0.00246332
     -0.00160789     -0.00162505
     -0.00109555     -0.00110948
    -0.000579393    -0.000590057
     -0.00022583    -0.000230897
     -0.00179905     -0.00181527
    -0.000195162     -0.00019973
     -0.00289531     -0.00290729
     -0.00169785     -0.00168699
      -0.0010298     -0.00102191
    -0.000125136    -0.000125322
    -0.000812224    -0.000883999
    -0.000575054    -0.000597268
    -0.000392279    -0.000403905
    -0.000281735    -0.000290611
    -9.18108e-05      -9.505e-05
      0.00232308      0.00231404
      0.00167187      0.00168359
      0.00124838      0.00126256
     0.000949271     0.000962209
     0.000305493     0.000310752
        0.043725       0.0425954
      0.00936628      0.00848974
     -0.00113605     -0.00113857
    -0.000741955    -0.000745047
     -0.00051185    -0.000516254
    -0.000137504    -0.000140189
    -0.000559881    -0.000564709
     -0.00801709     -0.00800027
     -0.00788292     -0.00783036
     -0.00795656     -0.00796995
     -0.00795864     -0.00791216
      -0.0080043     -0.00796804
     -0.00801563     -0.00798586
     -0.00801808     -0.00799963
      -0.0080192     -0.00799678
     -0.00801226      -0.0080005
     -0.00801004     -0.00800001
     -0.00800881     -0.00799966
     -0.00801502      -0.0080007
     -0.00800313     -0.00799755
      0.00681098      0.00844897
     -0.00555669     -0.00507925
     -0.00715911     -0.00688594
     -0.00781863      -0.0076789
     -0.00789705     -0.00783866
     -0.00783404     -0.00779448
     -0.00780952     -0.00777456
     -0.00772095     -0.00769796
     -0.00742139     -0.00741801
       -0.006633     -0.00663963
      -0.0057738     -0.00577329
     -0.00342389     -0.00340372
     -0.00446304     -0.00444788
     -0.00800776     -0.00797481
      0.00330379      0.00316981
       0.0760298       0.0765895
      0.00737816      0.00695823
       0.0127607       0.0136826
     0.000180639     9.30967e-05
       0.0155696         0.01634
      0.00125483      0.00115803
     -0.00301271     -0.00229884
     -0.00438312     -0.00436556
    -0.000451526    -2.22012e-05
     -0.00345677     -0.00348565
      0.00834344      0.00766112
       0.0107125      0.00938458
      0.00987051      0.00877086
       0.0075716       0.0079278
      0.00453989      0.00417948
      0.00801145      0.00725632
      0.00663013         0.00706
      0.00327738      0.00297303
     -0.00685141     -0.00648584
      -0.0071964     -0.00676255
      0.00844713      0.00776321
       0.0262791       0.0234921
      -0.0012366     -0.00154191
    -0.000719035     -0.00107961
      0.00394022      0.00388093
      0.00929151      0.00842917
     -0.00386103     -0.00403183
      0.00219029      0.00233788
      0.00273566      0.00224234
      0.00064052     0.000433537
       0.0047242      0.00450415
       0.0030544      0.00240221
     -0.00285477     -0.00281063
      0.00174506      0.00174837
        0.003799      0.00359225
      0.00376798       0.0035295
     -0.00464403     -0.00459319
      0.00140465     0.000980016
     -0.00487654      -0.0051056
     -0.00588699     -0.00579329
     -0.00480696     -0.00511355
     -0.00288215     -0.00324211
     -0.00298519     -0.00344297
     -0.00116305     -0.00152352
     -0.00428686     -0.00431224
     -0.00439296      -0.0046498
      0.00549553      0.00509177
     -0.00303011     -0.00325475
       0.0050164      0.00470714
      -0.0030606     -0.00330159
     -0.00339264     -0.00357909
      0.00505998      0.00496498
     -0.00693196     -0.00682971
     -0.00568401     -0.00594309
     0.000648091     0.000276333
     -0.00571858     -0.00572101
     -0.00363754     -0.00386132
     -0.00675396     -0.00664173
     0.000200722    -7.40258e-05
       0.0248025       0.0220647
       0.0104162      0.00925545
       0.0251306          0.0224
       0.0119279       0.0107059
     0.000499738     0.000607213
     -0.00437666      -0.0045456
      0.00782889       0.0069705
      0.00297419      0.00282435
      0.00576958       0.0053566
    -0.000532129    -0.000776584
     0.000483732     0.000697022
      0.00612149      0.00557178
     -0.00805794     -0.00801388
     -0.00804447     -0.00800433
     -0.00802769     -0.00799125
     -0.00667068      -0.0061432
     -0.00674317     -0.00652704
     -0.00682112     -0.00670926
     -0.00633751     -0.00614465
     -0.00596469     -0.00628491
     -0.00698664     -0.00661829
     -0.00734037     -0.00701575
     -0.00707905     -0.00680859
     -0.00737388     -0.00697033
     -0.00735419     -0.00693332
     -0.00675391     -0.00660755
     -0.00752061     -0.00722625
     -0.00751567     -0.00753029
     -0.00685488     -0.00656476
      -0.0071789     -0.00685682
     -0.00691701     -0.00653876
     -0.00680797     -0.00656486
     -0.00688655     -0.00676583
     -0.00615614     -0.00533081
     -0.00666001     -0.00644153
     -0.00719473     -0.00701386
     -0.00780153     -0.00764128
     -0.00676868     -0.00657723
     -0.00583694      -0.0060252
     -0.00770398     -0.00759724
     -0.00318304     -0.00375235
     -0.00729653     -0.00685029
     -0.00713977     -0.00686391
     -0.00668065     -0.00662341
     -0.00725107     -0.00722814
     -0.00732559     -0.00711128
     -0.00703713     -0.00662973
     -0.00701804     -0.00678183
     -0.00669388     -0.00665885
     -0.00801741     -0.00799162
     -0.00775778     -0.00749721
     -0.00731104     -0.00685459
     -0.00708072     -0.00683093
     -0.00636423     -0.00634382
      -0.0078263     -0.00781476
      -0.0076107     -0.00737069
     -0.00702294     -0.00679116
     -0.00639138     -0.00638224
     -0.00736103     -0.00737689
     -0.00728208     -0.00708323
     -0.00696659     -0.00657818
     -0.00694111     -0.00674569
     -0.00652892     -0.00654346
      -0.0068631     -0.00689109
     -0.00700879     -0.00683115
     -0.00660459     -0.00651147
     -0.00668823     -0.00651928
     -0.00689883     -0.00654212
     -0.00665088     -0.00636663
     -0.00683764       -0.006641
      -0.0064542     -0.00593606
     -0.00645846      -0.0062715
     -0.00665042     -0.00635713
     -0.00671068       -0.006282
     -0.00642095     -0.00624984
     -0.00639627     -0.00604132
     -0.00605216     -0.00582658
     -0.00513384     -0.00525331
     -0.00649298     -0.00636115
     -0.00679069     -0.00659244
     -0.00670849      -0.0064665
     -0.00667912     -0.00648295
     -0.00666314      -0.0063617
     -0.00667207     -0.00640115
     -0.00666117     -0.00648609
     -0.00650403     -0.00622898
     -0.00653589       -0.006338
     -0.00655364     -0.00609631
     -0.00679239     -0.00665063
     -0.00667996     -0.00618872
     -0.00664541     -0.00623814
     -0.00646333     -0.00590279
     -0.00664554     -0.00629458
     -0.00654007     -0.00610757
     -0.00628699       -0.006296
     -0.00636878     -0.00611581
     -0.00638191     -0.00662396
     -0.00608071     -0.00629461
     -0.00634075     -0.00617928
     -0.00635395     -0.00600934
     -0.00694782     -0.00672793
     -0.00641191     -0.00655923
     -0.00603268     -0.00610029
      -0.0075132     -0.00727804
     -0.00758761     -0.00728155
     -0.00752035     -0.00730027
     -0.00762955     -0.00732884
     -0.00748009     -0.00724502
     -0.00750061      -0.0070952
      -0.0074718     -0.00719738
     -0.00763408      -0.0073517
     -0.00758208     -0.00735731
     -0.00755727     -0.00711521
     -0.00752319     -0.00731155
     -0.00753862     -0.00730792
     -0.00740042     -0.00709743
     -0.00746662     -0.00725381
     -0.00739896     -0.00701485
     -0.00742532     -0.00719368
     -0.00750234     -0.00722003
     -0.00769896     -0.00738466
      -0.0071327     -0.00687797
     -0.00748693      -0.0072895
     -0.00744214     -0.00706405
     -0.00732403     -0.00746334
     -0.00740241     -0.00698777
     -0.00724976      -0.0071656
     -0.00722567     -0.00690203
     -0.00761345     -0.00741302
     -0.00765233     -0.00743155
     -0.00757737     -0.00727741
     -0.00721385     -0.00709759
     -0.00700964     -0.00687015
     -0.00746666      -0.0072351
     -0.00727576     -0.00697837
     -0.00728349     -0.00708151
     -0.00716002     -0.00676463
     -0.00724421     -0.00698055
     -0.00776245     -0.00781496
     -0.00740273      -0.0071342
     -0.00738149     -0.00713751
     -0.00441836     -0.00486636
      -0.0033928     -0.00305272
     -0.00569971     -0.00573128
     -0.00587137     -0.00591479
     -0.00507341     -0.00451374
     -0.00450416     -0.00394275
      -0.0052664     -0.00447369
     -0.00455041     -0.00319558
     -0.00445369     -0.00354378
     -0.00418125     -0.00368536
     -0.00527182     -0.00479129
     -0.00500921     -0.00424578
     -0.00431876     -0.00300747
     -0.00430089     -0.00343447
     -0.00410545     -0.00362867
     -0.00471041     -0.00427471
      -0.0044513      -0.0037401
     -0.00385385     -0.00263033
     -0.00403686      -0.0032647
     -0.00402556     -0.00358876
      -0.0052311     -0.00450694
      -0.0045186     -0.00330568
      -0.0044556     -0.00382083
     -0.00381212     -0.00356212
     -0.00499546     -0.00432421
      -0.0043214     -0.00372563
     -0.00380789     -0.00358131
     -0.00448372     -0.00392198
     -0.00388916     -0.00283911
     -0.00409174     -0.00357122
     -0.00390754     -0.00372774
     -0.00430079     -0.00413993
     -0.00560332     -0.00537794
     -0.00460162     -0.00474695
     -0.00440757     -0.00474088
     -0.00458536     -0.00487608
     -0.00423144     -0.00461207
     -0.00465755     -0.00508634
     -0.00418562     -0.00448397
     -0.00470219     -0.00490396
     -0.00436777     -0.00469699
     -0.00432644     -0.00479798
     -0.00415883     -0.00427676
     -0.00453048     -0.00466101
     -0.00486036     -0.00512526
     -0.00395026      -0.0043083
     -0.00447977     -0.00484608
      -0.0041817      -0.0043787
     -0.00480866     -0.00510617
     -0.00440312     -0.00482496
     -0.00424482     -0.00434895
     -0.00440275      -0.0045876
     -0.00456986     -0.00470927
     -0.00422993     -0.00435314
     -0.00418193     -0.00429292
     -0.00433174     -0.00477956
     -0.00455436     -0.00475941
     -0.00382493     -0.00394879
     -0.00425636      -0.0046588
     -0.00413954     -0.00434424
     -0.00388367     -0.00427631
      0.00202125     0.000565983
     -0.00372181     -0.00406958
     -0.00373167     -0.00423389
     -0.00400381     -0.00436444
     -0.00390724     -0.00409146
     -0.00610795     -0.00603886
     -0.00525158     -0.00557328
     -0.00324016     -0.00354477
      -0.0041504     -0.00469291
     -0.00396791     -0.00414953
      -0.0029342      -0.0031463
     -0.00394819     -0.00396142
     -0.00448641     -0.00478192
     -0.00444427     -0.00481667
     -0.00451099        -0.00467
     -0.00642909     -0.00638343
     -0.00607977     -0.00640951
     -0.00466566     -0.00494943
      -0.0037976     -0.00393946
     -0.00665077     -0.00669743
     -0.00579076     -0.00572687
     -0.00641024     -0.00636978
     -0.00511678     -0.00503586
     -0.00391576      -0.0040331
     -0.00251024     -0.00292179
      -0.0039241     -0.00403081
     -0.00351628     -0.00387059
    -8.55572e-05    -0.000419337
     0.000552906     0.000149459
     0.000146958    -0.000280346
     -0.00230459     -0.00265028
      -0.0023025     -0.00271494
     -0.00613081     -0.00603329
     -0.00589194     -0.00581755
     -0.00611326     -0.00604699
     -0.00560491     -0.00563827
     -0.00421562     -0.00431212
     -0.00576176     -0.00565434
     -0.00191547      -0.0021685
     -0.00120441     -0.00147986
    -0.000702234     -0.00102179
    -0.000341573    -0.000664303
    -0.000588259     -0.00089754
    -0.000632639    -0.000921769
    -0.000742927     -0.00107099
     -0.00122798     -0.00166675
     -0.00195112     -0.00241595
     -0.00211488     -0.00254362
     -0.00104197     -0.00153003
    -0.000828324     -0.00130728
     -0.00147122     -0.00194663
     -0.00192157      -0.0023478
     -0.00107773     -0.00157418
     -0.00289581     -0.00315168
     -0.00286854     -0.00312411
      -0.0024075      -0.0027123
      -0.0024279     -0.00273142
     -0.00177699     -0.00209609
      -0.0017014      -0.0020363
      -0.0021815     -0.00246451
     -0.00175626     -0.00208154
     -0.00172191     -0.00208718
     -0.00159717     -0.00195785
      -0.0020201     -0.00234151
      -0.0021937     -0.00247521
     -0.00205519     -0.00233943
     -0.00185653      -0.0020919
     -0.00154344     -0.00178657
     -0.00120113     -0.00145428
     -0.00105965     -0.00130308
    -0.000409303     -0.00066531
    -0.000471561    -0.000724959
    -0.000191264    -0.000436877
      -0.0022141     -0.00257084
     -0.00239271      -0.0027029
     -0.00236616     -0.00268902
     -0.00198608     -0.00229724
     -0.00181337     -0.00213522
     -0.00167982     -0.00195966
      -0.0018937     -0.00213696
      -0.0024291     -0.00261921
     -0.00111447     -0.00133965
     -0.00212462     -0.00234016
     -0.00266775     -0.00279887
     -0.00322695     -0.00338843
     -0.00364785     -0.00383857
      -0.0035307     -0.00372184
     -0.00352499     -0.00366431
     -0.00406517     -0.00420719
     -0.00433182     -0.00449811
      -0.0041112     -0.00430917
     -0.00413436     -0.00436859
     -0.00388774     -0.00412005
     -0.00319467     -0.00336637
     -0.00257812     -0.00269135
     -0.00353075     -0.00360018
     -0.00305223     -0.00312808
     -0.00276779     -0.00288446
     -0.00344533     -0.00353816
     -0.00282267     -0.00294176
     -0.00345517     -0.00360274
     -0.00407502     -0.00423497
       -0.005528     -0.00552848
      0.00147965      0.00102073
     0.000507954     5.60097e-05
     0.000648562      0.00017116
     0.000992479     0.000507666
      0.00169572      0.00115088
     0.000676679     0.000220495
      0.00196201      0.00147696
      0.00158602      0.00113089
     0.000685743     0.000268917
    -0.000167758    -0.000603848
