QM Energy	FF Energy
     -8.0939e-05    -5.48462e-05
     -7.3979e-05    -6.20709e-05
    -0.000574477    -0.000758239
     -0.00136108     -0.00132816
    -0.000935551     -0.00084222
    -0.000228858    -0.000233644
    -0.000630742    -0.000660127
     -8.5723e-05    -5.22387e-05
    -0.000651613    -0.000678734
     -8.0874e-05    -5.75078e-05
    -0.000646425    -0.000857875
     -0.00120128     -0.00118183
    -0.000601077    -0.000655562
    -0.000374394    -0.000351238
    -0.000726811    -0.000557629
    -0.000609775    -0.000502349
    -0.000814013    -0.000812845
    -0.000127031    -0.000105996
     -6.1054e-05    -5.04296e-05
     -4.2874e-05    -2.77367e-05
     -0.00150161     -0.00124103
    -0.000948482    -0.000827869
    -0.000673652      -0.0010242
    -0.000273907    -0.000194792
     -8.0124e-05    -5.71256e-05
    -0.000543089    -0.000555344
    -0.000301172    -0.000263668
    -0.000955658     -0.00102842
    -0.000393122     -0.00041414
    -0.000434106    -0.000358951
    -0.000783964    -0.000862771
    -0.000119801    -0.000108936
    -0.000488655    -0.000504345
    -0.000317639    -0.000415777
    -0.000158656    -9.06185e-05
    -0.000169963    -9.96223e-05
     -0.00115767    -0.000754025
     -7.0559e-05    -4.55326e-05
    -0.000568057    -0.000467273
     -9.3771e-05    -6.10544e-05
    -0.000102666    -7.14011e-05
    -0.000533709    -0.000614182
    -0.000584312    -0.000501279
    -0.000141718    -0.000117793
    -0.000587906    -0.000827988
    -0.000106465    -7.31697e-05
    -0.000141178    -7.83612e-05
    -0.000139827    -9.21808e-05
     -0.00104181     -0.00112759
    -0.000798682    -0.000775788
     -7.2681e-05    -5.37805e-05
    -0.000154255    -0.000108158
    -0.000413863    -0.000548256
     -7.8605e-05    -5.93638e-05
      -9.927e-05    -7.76512e-05
    -0.000300059    -0.000182828
    -0.000295182    -0.000308697
     -7.0005e-05    -4.95666e-05
    -0.000707281     -0.00088689
     -8.9811e-05    -6.85906e-05
    -0.000625657    -0.000449444
     -6.6863e-05    -4.88849e-05
    -0.000962204    -0.000670363
      -5.801e-05    -4.63767e-05
     -0.00064525    -0.000694897
     -5.0238e-05    -3.13972e-05
    -0.000107012    -8.13509e-05
    -0.000677511    -0.000682581
      -0.0022016     -0.00197623
    -0.000279731     -0.00020554
    -0.000571852    -0.000573571
     -8.4081e-05    -5.70762e-05
    -0.000158216    -0.000100602
     -7.4169e-05    -5.90254e-05
     -6.3538e-05    -4.93227e-05
      -6.247e-05    -4.92047e-05
    -0.000158158    -0.000132172
     -7.9776e-05    -5.53546e-05
    -0.000115314    -9.45976e-05
    -0.000285905    -0.000246778
    -0.000267532    -0.000279616
    -0.000140011    -9.16735e-05
    -0.000702868    -0.000740197
    -0.000910773    -0.000607764
    -0.000157336    -0.000142298
     -9.9979e-05    -6.86649e-05
     -9.7338e-05    -9.00916e-05
     -5.2035e-05    -4.73422e-05
    -0.000683005    -0.000582222
     -7.5536e-05    -6.63093e-05
    -0.000166411    -0.000153723
    -0.000344485    -0.000208107
    -0.000216332    -0.000149245
    -0.000643086    -0.000689758
     -0.00013823    -0.000129409
     -4.4279e-05    -3.83268e-05
    -0.000672971     -0.00091667
    -0.000139405    -0.000100915
    -0.000178231    -0.000158175
    -0.000705461    -0.000762448
    -0.000215009    -0.000202501
     -0.00030048     -0.00023208
    -0.000123631    -9.35126e-05
    -0.000320646    -0.000365159
     -0.00126403     -0.00132269
    -0.000157992    -0.000114441
     -7.0661e-05    -4.41333e-05
     -7.1129e-05    -4.34008e-05
    -0.000378243    -0.000311802
     -7.4891e-05    -6.71455e-05
    -0.000281521    -0.000227308
     -9.9894e-05    -7.17306e-05
     -6.2024e-05    -4.33416e-05
    -0.000559656    -0.000568806
     -8.3383e-05    -7.25283e-05
    -0.000355495    -0.000292997
    -0.000574119    -0.000456108
     -5.3203e-05    -4.61868e-05
    -0.000197775    -0.000204032
    -0.000325188    -0.000316653
      -5.804e-05    -4.35448e-05
    -0.000150186     -0.00010584
     -8.8321e-05    -5.77053e-05
     -7.4413e-05    -7.36618e-05
    -0.000458101    -0.000465193
    -0.000207782    -0.000174328
    -0.000225281    -0.000235157
      -9.131e-05    -7.42571e-05
      -7.815e-05    -4.83388e-05
    -0.000741456    -0.000764842
    -0.000420412    -0.000321672
    -0.000106291     -9.0401e-05
     -0.00112382    -0.000816334
     -0.00038873    -0.000429019
    -0.000392331    -0.000293567
      -3.582e-05    -2.29106e-05
    -0.000902966    -0.000893835
     -0.00055192    -0.000611179
    -0.000263869    -0.000310123
     -0.00013884     -8.0647e-05
       -0.001602     -0.00161064
    -0.000122731    -8.81543e-05
    -0.000143344    -0.000113793
    -0.000449552    -0.000326874
     -8.8334e-05     -7.5688e-05
    -0.000154582    -0.000123962
     -6.9624e-05    -4.90747e-05
     -5.5453e-05    -4.67306e-05
    -0.000780307    -0.000851976
    -0.000252923    -0.000217796
     -0.00045287    -0.000346077
    -0.000270253    -0.000264619
    -0.000131167    -0.000120867
     -8.1704e-05    -6.01058e-05
     -0.00130471     -0.00126202
    -0.000122267    -0.000108844
    -0.000142034    -0.000133518
    -0.000100227    -6.25356e-05
    -0.000971854    -0.000840016
    -0.000278453    -0.000213101
    -0.000754235    -0.000765155
     -6.0228e-05    -4.77482e-05
    -0.000468722     -0.00063536
    -0.000167927    -0.000106861
     -5.6743e-05    -4.66497e-05
     -5.0599e-05    -3.64398e-05
     -0.00046701    -0.000405039
    -0.000388543    -0.000372391
    -0.000928057     -0.00100983
     -5.8334e-05     -3.8104e-05
     -0.00016656    -0.000128986
     -6.7594e-05    -4.77492e-05
     -9.8152e-05    -7.53439e-05
    -0.000231958    -0.000209317
       -0.001196     -0.00123217
    -0.000492699     -0.00059763
    -0.000103539    -8.12763e-05
     -8.8274e-05    -5.34628e-05
     -0.00069069    -0.000918675
    -0.000119878    -8.43169e-05
    -0.000305376    -0.000347261
    -0.000853155     -0.00100826
    -0.000136454    -0.000141181
     -0.00054897    -0.000614665
    -0.000122036    -0.000100418
    -0.000173379    -0.000117421
    -0.000619154    -0.000786141
    -0.000261559    -0.000208755
     -7.9237e-05    -7.58004e-05
    -0.000181574    -0.000120488
    -0.000123403    -9.55431e-05
     -7.0021e-05    -5.71537e-05
    -0.000153603    -9.71203e-05
    -0.000154263    -0.000119773
     -7.5563e-05    -4.75128e-05
     -0.00030683     -0.00028347
    -0.000822861     -0.00113779
     -0.00137874       -0.001262
    -0.000882452     -0.00094113
    -0.000288249    -0.000357485
    -0.000122273    -8.89227e-05
    -0.000180074    -0.000135098
     -4.7379e-05    -2.97263e-05
    -0.000219099    -0.000198339
    -0.000245394    -0.000220024
    -0.000242973    -0.000256083
    -0.000326268    -0.000266787
    -0.000368037    -0.000275623
     -8.5589e-05     -5.5391e-05
    -0.000736477    -0.000887801
     -8.2175e-05    -5.17469e-05
    -0.000622945    -0.000530858
      -8.613e-05    -6.04808e-05
    -0.000274968    -0.000214113
    -0.000107294    -6.72052e-05
    -0.000248777    -0.000262256
     -7.2569e-05    -5.96037e-05
     -7.4617e-05    -5.13126e-05
    -0.000201243    -0.000185227
     -8.4759e-05    -6.92417e-05
    -0.000997246     -0.00115577
    -0.000126387    -0.000121291
    -0.000159827    -0.000125006
    -0.000230129    -0.000226702
     -8.0059e-05    -7.57118e-05
    -0.000118082    -0.000107215
     -8.6479e-05    -6.90903e-05
    -0.000163561    -0.000116321
     -7.1983e-05    -6.66619e-05
    -0.000493594    -0.000307681
    -0.000319905    -0.000396786
     -0.00010418    -8.21516e-05
     -0.00115705     -0.00119112
     -0.00067514    -0.000769215
    -0.000730549    -0.000700152
     -5.3659e-05    -4.20619e-05
     -7.8157e-05    -6.60106e-05
     -0.00010068    -7.71016e-05
    -0.000321184    -0.000281732
    -0.000868022     -0.00110614
    -0.000198227    -0.000156738
    -0.000181458    -0.000157837
     -8.4531e-05    -7.54455e-05
    -0.000255768    -0.000148957
     -5.1466e-05    -3.24655e-05
    -0.000271837     -0.00022511
    -0.000113723    -0.000108197
    -0.000321037    -0.000232322
    -0.000503624    -0.000722562
     -0.00102537     -0.00115316
    -0.000347519    -0.000278189
    -0.000660755    -0.000728338
     -7.4484e-05    -6.03952e-05
    -0.000110327    -8.94821e-05
    -0.000100715    -8.61076e-05
    -0.000493529    -0.000351099
    -0.000598939    -0.000679353
     -4.3856e-05    -3.71721e-05
     -0.00013648    -0.000145231
    -0.000430137    -0.000488652
    -0.000276914    -0.000204997
    -0.000185683    -0.000146757
     -7.2436e-05    -5.78107e-05
    -0.000317578    -0.000366218
     -0.00088007    -0.000979045
     -7.8221e-05    -6.51877e-05
     -0.00129973     -0.00132789
    -0.000360134    -0.000367634
    -0.000327944    -0.000307717
     -0.00118344     -0.00127959
     -6.1818e-05    -4.97006e-05
    -0.000356698    -0.000251994
    -0.000112586    -9.96074e-05
     -5.2903e-05    -3.90923e-05
     -7.4635e-05    -4.72736e-05
     -9.9138e-05    -5.70795e-05
    -0.000167698    -0.000151614
    -0.000102107    -8.33126e-05
    -0.000313991    -0.000254141
    -0.000489929    -0.000555749
     -4.1278e-05    -3.10488e-05
    -0.000135015    -0.000114085
       -5.38e-05    -4.47289e-05
    -0.000226977    -0.000180605
     -7.1395e-05    -6.69095e-05
    -0.000698977    -0.000589239
     -5.1561e-05    -3.68419e-05
     -8.0111e-05    -5.03285e-05
     -7.3954e-05    -5.31001e-05
    -0.000735211    -0.000792095
      -0.0017527     -0.00171419
     -0.00162433     -0.00176161
    -0.000911305    -0.000968335
    -0.000300888    -0.000265915
    -0.000791834    -0.000683285
    -0.000334527    -0.000264849
    -0.000105055    -5.75665e-05
    -0.000773541     -0.00102996
     -0.00150378      -0.0016808
    -0.000284546    -0.000272469
     -0.00108887    -0.000846181
    -0.000127064    -8.40839e-05
    -0.000246094    -0.000269609
    -0.000390779    -0.000326166
    -0.000114472    -8.79142e-05
    -0.000142421    -0.000134857
    -0.000255254    -0.000205978
    -0.000132818    -8.32452e-05
    -0.000684053    -0.000648107
     -7.4416e-05    -5.34163e-05
    -0.000636728    -0.000584795
    -0.000292414    -0.000275477
    -0.000164191    -0.000130845
    -0.000273464    -0.000347858
    -0.000283653    -0.000243428
    -0.000127875    -8.71044e-05
    -0.000174907    -0.000175512
     -4.8563e-05    -4.03642e-05
    -0.000139774    -0.000107242
    -0.000633496    -0.000719769
    -0.000447249     -0.00038419
    -0.000240644    -0.000192827
    -0.000340522    -0.000313754
    -0.000763328    -0.000899012
    -0.000149598    -0.000103537
    -0.000185469     -0.00019163
    -0.000280591    -0.000337655
     -9.1747e-05    -9.22245e-05
     -3.4938e-05    -2.73411e-05
    -0.000462265    -0.000446357
      -5.621e-05    -4.03421e-05
     -8.1757e-05     -6.1609e-05
    -0.000891493    -0.000962181
    -0.000147696    -9.44888e-05
    -0.000122869    -0.000129411
        -7.1e-05    -5.32862e-05
    -0.000338563     -0.00034946
    -0.000264893    -0.000235163
      -9.164e-05    -6.80136e-05
    -0.000196178    -0.000170551
    -0.000175146    -0.000155306
      -0.0011346     -0.00114835
     -8.0765e-05    -7.53955e-05
    -0.000202493    -0.000192558
     -0.00113003     -0.00111593
    -0.000992957    -0.000972638
     -5.4245e-05    -4.54076e-05
     -7.4022e-05    -5.85444e-05
     -0.00039657    -0.000443726
     -0.00030229    -0.000352435
     -8.4969e-05    -6.05802e-05
    -0.000817147     -0.00072214
    -0.000118828    -8.28897e-05
    -0.000276166    -0.000291757
     -6.4013e-05    -4.67976e-05
     -9.1904e-05    -5.27793e-05
    -0.000591078    -0.000599989
    -0.000800734    -0.000642028
    -0.000134018    -0.000108139
     -7.7362e-05    -6.61607e-05
     -9.3464e-05    -7.05241e-05
     -4.5083e-05     -3.8538e-05
    -0.000147778     -0.00014787
     -6.0674e-05    -4.44978e-05
      -7.125e-05    -5.75207e-05
    -0.000370726    -0.000389633
     -0.00164501     -0.00159017
     -7.5351e-05    -6.90832e-05
    -0.000730165    -0.000767873
    -0.000537659    -0.000470801
    -0.000352186    -0.000294917
     -8.4686e-05    -5.43274e-05
    -0.000102396    -9.71789e-05
    -0.000124115    -0.000110823
    -0.000825608    -0.000728148
    -0.000153149    -0.000119972
     -9.3032e-05    -9.31384e-05
    -0.000693806    -0.000830533
    -0.000323096    -0.000334148
    -0.000511512     -0.00045143
    -0.000333368    -0.000449788
    -0.000179381    -0.000137104
       -6.03e-05    -3.66097e-05
    -0.000399999    -0.000475194
    -0.000109794    -9.97426e-05
    -0.000318769    -0.000363547
    -0.000110248     -7.0985e-05
    -0.000283458    -0.000191243
    -0.000301016    -0.000255689
    -0.000532563    -0.000474721
    -0.000166939    -0.000151981
    -0.000396162    -0.000362145
      -0.0007238    -0.000621682
    -0.000152855    -0.000108233
    -0.000179288    -0.000142793
    -0.000799336    -0.000782256
    -0.000160608    -0.000100661
    -0.000470128     -0.00043898
    -0.000289167    -0.000250936
    -0.000563228    -0.000563704
    -0.000599139    -0.000418979
    -0.000348888    -0.000471705
    -0.000166035     -0.00012445
     -7.3862e-05    -5.17728e-05
    -0.000150837    -0.000130519
     -5.1845e-05    -4.15225e-05
    -0.000180003     -0.00012152
     -0.00138454     -0.00139091
    -0.000130231    -0.000139619
    -0.000127502    -8.68839e-05
    -0.000671903    -0.000700323
    -0.000179639    -0.000172895
    -0.000388171    -0.000234006
    -0.000124059    -0.000110342
    -0.000911582    -0.000681111
    -0.000959466    -0.000851056
     -6.6379e-05    -5.37163e-05
     -9.2567e-05    -7.39839e-05
    -0.000890792    -0.000919071
    -0.000263454    -0.000189636
    -0.000434724    -0.000581553
    -0.000188175    -0.000157446
     -9.2881e-05    -8.45135e-05
    -0.000107769    -8.38103e-05
    -0.000147846    -0.000127827
    -0.000214809    -0.000158555
    -0.000427204     -0.00042766
    -0.000795304    -0.000879257
    -0.000414392    -0.000369933
     -5.2437e-05    -4.27537e-05
    -0.000152841    -0.000105948
     -0.00189806     -0.00191724
     -6.8517e-05    -5.52328e-05
    -0.000151307    -0.000145847
    -0.000236911    -0.000160344
    -0.000286541    -0.000215342
    -0.000118878    -0.000100759
     -0.00066668    -0.000388523
    -0.000607966    -0.000911202
    -0.000151693    -0.000168819
    -0.000374621    -0.000281317
    -0.000121911    -0.000108561
    -0.000933362    -0.000828686
    -0.000109771    -8.39333e-05
    -0.000207775      -0.0002287
      -0.0010644     -0.00118626
     -8.9526e-05    -6.93863e-05
     -8.4512e-05    -5.95784e-05
    -0.000285444    -0.000340667
    -0.000555803    -0.000423554
    -0.000371227    -0.000267486
     -0.00015831    -0.000148944
     -8.7677e-05    -5.14767e-05
     -0.00027276    -0.000249107
     -0.00114714    -0.000878264
     -0.00119284     -0.00129599
    -0.000542246    -0.000485227
     -0.00012821    -0.000102176
    -0.000364188    -0.000431351
    -0.000136575    -0.000101872
    -0.000216565     -0.00017706
    -0.000115893    -0.000119345
     -0.00015078    -0.000112084
    -0.000204487    -0.000200614
    -0.000217006    -0.000167276
    -0.000119855    -0.000105085
     -0.00170744     -0.00167566
    -0.000111558    -0.000105772
    -0.000121511    -9.92843e-05
     -0.00136592     -0.00161448
     -0.00015812    -0.000139145
      -0.0001982    -0.000161433
     -8.7793e-05    -6.96739e-05
     -8.9497e-05    -9.01189e-05
    -0.000279569    -0.000340144
    -0.000809769    -0.000783852
    -0.000145623    -0.000112079
     -5.2391e-05    -4.21088e-05
     -6.9037e-05    -5.51995e-05
     -0.00145037     -0.00159094
     -7.9045e-05    -7.05105e-05
    -0.000148875    -0.000161027
     -0.00110452    -0.000761462
    -0.000154875    -0.000140277
    -0.000195617    -0.000156776
    -0.000710887    -0.000726808
     -9.0207e-05    -7.87488e-05
     -5.8009e-05    -4.21722e-05
    -0.000575844    -0.000521614
    -0.000449865    -0.000366325
     -5.1693e-05    -3.87049e-05
    -0.000353905    -0.000366634
     -0.00114507    -0.000969049
     -0.00013577    -9.24236e-05
     -8.1366e-05    -6.27151e-05
    -0.000304173    -0.000313333
     -0.00112428     -0.00124025
    -0.000140041    -0.000111112
    -0.000158584    -0.000122255
    -0.000430265    -0.000429059
    -0.000145047    -0.000142895
     -0.00022776    -0.000199708
    -0.000349559    -0.000374169
    -0.000108945    -8.06311e-05
    -0.000708031     -0.00100121
    -0.000192872    -0.000186011
     -7.0521e-05    -4.47316e-05
     -0.00014018    -0.000139766
    -0.000350582      -0.0002631
     -0.00112915     -0.00136752
     -6.8687e-05    -6.69822e-05
    -0.000380664    -0.000357028
    -0.000412292    -0.000642854
     -4.1507e-05    -3.17232e-05
    -0.000385104     -0.00047299
    -0.000752868    -0.000900963
     -9.6015e-05    -8.89355e-05
    -0.000146345    -0.000113452
    -0.000135496    -0.000116779
    -0.000102089     -7.2337e-05
     -8.0721e-05    -6.76887e-05
     -7.8571e-05     -5.1761e-05
    -0.000160061    -0.000113252
    -0.000138292    -0.000129224
    -0.000636859    -0.000569416
    -0.000173884    -0.000147452
     -7.6587e-05    -6.88665e-05
     -9.0362e-05    -7.37992e-05
     -7.6269e-05    -4.81931e-05
     -9.9167e-05    -6.54448e-05
     -0.00108152    -0.000757046
    -0.000112978    -6.72021e-05
    -0.000317866    -0.000364834
      -9.174e-05    -6.30572e-05
    -0.000186208      -0.0002059
    -0.000760115    -0.000811974
    -0.000488302    -0.000492694
    -0.000963868    -0.000996196
    -0.000333515    -0.000257563
     -3.8998e-05    -2.88388e-05
     -0.00149996     -0.00150614
     -8.4729e-05    -6.08631e-05
     -7.5527e-05    -6.21356e-05
    -0.000344287    -0.000302333
     -0.00100123    -0.000641601
     -8.1086e-05    -7.49915e-05
    -0.000132166    -0.000106628
    -0.000121767    -0.000120777
     -9.8122e-05    -9.47183e-05
     -9.5292e-05     -7.9772e-05
     -9.8708e-05    -8.72228e-05
    -0.000413034    -0.000404487
    -0.000144173    -0.000150576
    -0.000239059    -0.000272345
    -0.000131838    -0.000117198
    -0.000463129    -0.000435029
    -0.000184771    -0.000164033
    -0.000174872    -0.000135795
     -5.3197e-05    -4.25978e-05
     -6.9991e-05    -6.75824e-05
    -0.000330303    -0.000322147
    -0.000140631     -0.00010109
      -0.0001743    -0.000147037
    -0.000307942    -0.000283563
    -0.000181977    -0.000118331
    -0.000386451    -0.000309023
    -0.000288538     -0.00025962
     -9.1044e-05    -7.97058e-05
    -0.000223268    -0.000198869
     -7.6379e-05    -4.27594e-05
    -0.000104626    -6.92609e-05
    -0.000772634     -0.00117554
     -6.8909e-05     -4.0446e-05
    -0.000442542    -0.000686665
    -0.000984271     -0.00100299
    -0.000331107    -0.000321454
      -5.149e-05    -3.81502e-05
    -0.000203199    -0.000180452
     -6.8166e-05    -5.20371e-05
     -6.9487e-05    -6.07953e-05
      -0.0001957    -0.000180196
     -0.00112487     -0.00132484
    -0.000841822    -0.000860713
     -0.00032091    -0.000246147
     -0.00100345      -0.0009401
    -0.000273611    -0.000345582
     -8.4876e-05    -7.54755e-05
    -0.000405264    -0.000398665
    -0.000165689    -0.000146583
    -0.000663593    -0.000670747
    -0.000109014    -9.15617e-05
    -0.000322198    -0.000310857
     -4.5718e-05     -3.2976e-05
     -0.00027707    -0.000305546
    -0.000108327    -0.000105791
    -0.000480265    -0.000429641
    -0.000638399     -0.00069016
    -0.000182818     -0.00017921
    -0.000253206    -0.000199245
    -0.000313737     -0.00029421
    -0.000165737    -9.71734e-05
    -0.000148745    -0.000116713
    -0.000135077    -0.000121006
    -0.000186551    -0.000161809
      -8.556e-05    -5.35371e-05
    -0.000242933    -0.000241047
    -0.000445871    -0.000730088
     -0.00110684     -0.00107074
    -0.000129473    -9.86381e-05
    -0.000164045    -0.000164143
    -0.000399372    -0.000313675
      -0.0006048    -0.000581733
     -6.0082e-05    -4.90684e-05
    -0.000102923    -7.40349e-05
    -0.000123883    -0.000103255
    -0.000110888    -0.000106188
    -0.000117405    -9.21419e-05
    -0.000449999    -0.000437892
    -0.000155051    -0.000147877
     -8.8549e-05    -8.43624e-05
    -0.000189071    -0.000170132
     -0.00101235     -0.00093705
    -0.000207091    -0.000195362
    -0.000102218    -7.41003e-05
    -0.000137759    -0.000121191
    -0.000234094    -0.000218112
     -4.8436e-05    -3.61824e-05
    -0.000550956     -0.00069639
    -0.000141551    -0.000132469
    -0.000118555    -7.63495e-05
    -0.000107128     -9.9411e-05
    -0.000881408     -0.00076391
    -0.000384568    -0.000367901
    -0.000547457     -0.00053908
    -0.000775774    -0.000710975
    -0.000150095    -9.53116e-05
     -6.6924e-05    -3.58947e-05
    -0.000129572    -9.41646e-05
    -0.000198318    -0.000197998
     -8.7481e-05    -5.67842e-05
    -0.000185095     -0.00012516
     -0.00038979    -0.000478964
    -0.000651856     -0.00067443
     -0.00118206    -0.000986139
    -0.000124748    -0.000111411
    -0.000601123    -0.000896879
    -0.000257651    -0.000197244
    -0.000524291    -0.000454973
    -0.000235884    -0.000244523
     -0.00058922    -0.000629781
    -0.000140309    -0.000151788
      -4.852e-05      -4.258e-05
     -7.4058e-05    -5.89657e-05
     -0.00113042    -0.000844793
    -0.000580783    -0.000575024
    -0.000362576    -0.000316548
    -0.000110475    -9.27827e-05
    -0.000693433    -0.000681315
     -6.3456e-05    -3.85758e-05
     -4.7795e-05    -3.23787e-05
     -0.00143431     -0.00115307
     -0.00031641    -0.000296342
    -0.000639347    -0.000650331
    -0.000401221     -0.00033711
     -0.00105213    -0.000965657
    -0.000742746    -0.000770515
     -8.8068e-05     -7.9774e-05
    -0.000148186    -9.55954e-05
    -0.000201622    -0.000202394
     -0.00016447    -0.000151016
    -0.000793141    -0.000861121
    -0.000167339    -0.000140674
    -0.000589532    -0.000635063
     -6.0596e-05    -5.59165e-05
    -0.000110274    -7.32749e-05
     -9.9908e-05    -7.95533e-05
    -0.000372008    -0.000361084
    -0.000262029     -0.00022884
     -0.00024698    -0.000329683
    -0.000586941    -0.000440372
    -0.000107827    -0.000110543
    -0.000206534    -0.000129794
     -9.5676e-05    -7.21458e-05
    -0.000144455    -0.000147417
     -0.00171995     -0.00189667
    -0.000354024    -0.000331589
     -0.00112823    -0.000748363
      -5.939e-05    -4.57368e-05
    -0.000440431    -0.000578846
    -0.000344341    -0.000329882
    -0.000354964    -0.000204951
    -0.000572345    -0.000471328
    -0.000209372     -0.00020748
    -0.000385732    -0.000357263
      -0.0001562     -0.00011262
    -0.000175854    -0.000156157
    -0.000397739    -0.000404049
    -0.000126322    -0.000110686
    -0.000321226    -0.000259639
    -0.000474113    -0.000461878
    -0.000782942    -0.000953257
    -0.000167151    -0.000147826
    -0.000101457    -9.72426e-05
     -0.00072112     -0.00043983
     -0.00189609     -0.00190654
    -0.000261951    -0.000247137
    -0.000245457    -0.000194894
    -0.000182579    -0.000128337
    -0.000677324    -0.000517267
    -0.000432611    -0.000432347
     -9.3673e-05    -6.05484e-05
    -0.000332384    -0.000470443
     -7.1804e-05    -4.18517e-05
    -0.000492253    -0.000468607
    -0.000228351    -0.000182599
     -5.6695e-05    -4.36562e-05
     -9.3451e-05    -7.54558e-05
    -0.000575965    -0.000583804
    -0.000312901    -0.000249154
    -0.000318844    -0.000218575
    -0.000385404    -0.000252079
    -0.000485725    -0.000415188
     -8.9578e-05    -6.86784e-05
    -0.000167421    -0.000113854
    -0.000135184    -7.27289e-05
    -0.000193657    -0.000147256
    -0.000288278    -0.000273828
     -0.00101316    -0.000849073
    -0.000179509    -0.000179676
    -0.000379323    -0.000565738
    -0.000175576     -0.00011636
    -0.000702475    -0.000707684
    -0.000454132    -0.000573491
     -0.00065806     -0.00060642
    -0.000861526      -0.0011055
     -0.00123185     -0.00117456
     -0.00161204     -0.00176881
     -9.4114e-05    -8.61002e-05
    -0.000136961    -0.000126145
      -9.518e-05    -8.71132e-05
     -3.5024e-05    -2.66204e-05
    -0.000184773    -0.000144645
    -0.000279723    -0.000257722
    -0.000118813    -9.07286e-05
     -7.8252e-05    -5.22957e-05
    -0.000232731    -0.000169514
    -0.000796723    -0.000743503
    -0.000932934    -0.000934303
    -0.000107239    -5.84721e-05
    -0.000302581    -0.000368031
    -0.000115169    -7.48428e-05
    -0.000371018    -0.000260207
    -0.000628921    -0.000713043
    -0.000326698     -0.00034005
    -0.000946756    -0.000939031
    -0.000108229    -7.42632e-05
    -0.000820372    -0.000619433
    -0.000749715    -0.000846016
    -0.000131542    -0.000126836
    -0.000136649    -0.000123997
    -0.000126352     -9.6137e-05
    -0.000215642     -0.00013865
    -0.000499328    -0.000477906
    -0.000859357    -0.000752156
     -0.00174325     -0.00180213
     -8.7256e-05    -6.83659e-05
    -0.000106022    -9.80435e-05
    -0.000404265    -0.000352922
    -0.000640828    -0.000606467
    -0.000985609    -0.000924612
    -0.000325741    -0.000280084
    -0.000103142    -9.23571e-05
    -0.000133855    -9.63899e-05
       -7.44e-05    -6.39922e-05
    -0.000147306    -0.000109987
     -0.00029158    -0.000252053
    -0.000115534    -9.60146e-05
     -5.0935e-05    -4.13407e-05
    -0.000234011    -0.000206741
    -0.000342837    -0.000374414
     -0.00109164    -0.000797599
    -0.000374705    -0.000574153
    -0.000614166    -0.000543267
     -0.00118716     -0.00110727
    -0.000191164    -0.000148656
     -0.00119131     -0.00113125
    -0.000341885    -0.000328668
    -0.000158288    -0.000134582
     -7.9631e-05    -4.67443e-05
     -9.4149e-05      -7.032e-05
    -0.000167876    -0.000112889
    -0.000111029    -7.46818e-05
     -5.8889e-05    -4.48024e-05
    -0.000218466    -0.000194888
     -6.3977e-05    -4.68354e-05
     -6.3234e-05    -4.99713e-05
    -0.000143815    -0.000120904
    -0.000492057    -0.000492016
     -7.9069e-05    -5.77062e-05
    -0.000106777    -8.67209e-05
    -0.000167991    -0.000151275
    -0.000746351    -0.000720739
    -0.000207344    -0.000190906
    -0.000175421    -0.000176782
     -0.00123532     -0.00120312
    -0.000167258    -0.000145045
     -0.00031981     -0.00030442
     -6.1481e-05    -5.58874e-05
    -0.000331865    -0.000369731
     -4.4576e-05    -3.24546e-05
     -6.7794e-05    -5.65396e-05
     -6.5652e-05    -5.36668e-05
    -0.000356053    -0.000235997
    -0.000854757    -0.000814196
    -0.000107165    -8.03667e-05
     -8.8836e-05    -8.31342e-05
    -0.000970451     -0.00106092
    -0.000346628    -0.000317279
     -0.00121047     -0.00163326
    -0.000835399    -0.000882167
    -0.000125519    -0.000101005
    -0.000480957    -0.000568288
     -4.9438e-05    -3.83372e-05
    -0.000144143    -0.000129058
     -9.2297e-05    -7.64335e-05
    -0.000323317    -0.000327455
    -0.000372012    -0.000355421
     -8.1714e-05    -7.81234e-05
     -0.00155728     -0.00150217
     -6.1257e-05    -4.35302e-05
     -0.00069353    -0.000766127
    -0.000749683     -0.00082764
    -0.000316872    -0.000362564
    -0.000127477    -0.000128856
    -0.000122242     -0.00010794
     -5.1443e-05    -4.53271e-05
    -0.000805298    -0.000698808
    -0.000233031    -0.000227674
    -0.000115863    -8.40305e-05
    -0.000232968    -0.000210552
    -0.000832634    -0.000518302
    -0.000298284    -0.000286113
    -0.000330767    -0.000323448
    -0.000261741    -0.000196513
      -5.127e-05    -3.46843e-05
    -0.000147423    -0.000103452
      -7.388e-05    -5.11576e-05
     -6.6159e-05    -5.01133e-05
    -0.000112881    -7.72438e-05
     -0.00023243    -0.000235534
    -0.000279033    -0.000307958
     -6.9696e-05    -5.21514e-05
    -0.000851989    -0.000947561
     -7.5878e-05    -6.46093e-05
    -0.000288858    -0.000300278
    -0.000164905    -0.000145388
     -0.00099009     -0.00124253
    -0.000650225    -0.000631645
    -0.000353313      -0.0002033
     -6.3502e-05    -4.68321e-05
    -0.000311291    -0.000252057
    -0.000286399    -0.000279493
    -0.000293767    -0.000300201
     -5.4911e-05    -3.27227e-05
     -5.6737e-05    -4.36397e-05
     -8.6673e-05    -6.49036e-05
     -0.00135646      -0.0016384
    -0.000132084    -9.93577e-05
    -0.000329605    -0.000321851
    -0.000707008    -0.000627611
    -0.000139372    -0.000119436
    -0.000660791    -0.000639875
    -0.000998363    -0.000852565
    -0.000552088    -0.000524282
     -0.00111978    -0.000864183
    -0.000445303    -0.000650088
     -9.6842e-05    -8.42536e-05
     -8.1962e-05    -5.66167e-05
     -6.1875e-05    -4.96688e-05
     -0.00017574      -0.0001231
    -0.000159406    -0.000157653
    -0.000129313    -0.000109999
    -0.000126767    -9.69753e-05
    -0.000429585    -0.000356024
    -0.000391857    -0.000555127
     -9.1243e-05      -5.809e-05
     -9.7991e-05    -7.84718e-05
    -0.000403631    -0.000274239
     -9.6338e-05    -9.14696e-05
     -7.3945e-05    -5.91752e-05
    -0.000243657    -0.000231158
     -5.9807e-05    -4.47498e-05
    -0.000183543    -0.000168531
    -0.000313875    -0.000237393
     -7.8918e-05    -6.61141e-05
    -0.000192239    -0.000145911
    -0.000170312    -0.000140256
     -5.3668e-05    -4.33093e-05
    -0.000633705    -0.000550574
    -0.000277036     -0.00029865
    -0.000101827    -6.48692e-05
     -6.6898e-05    -5.55497e-05
    -0.000142928    -0.000155683
    -0.000283878    -0.000255967
     -9.7956e-05    -7.95964e-05
    -0.000416697    -0.000422208
     -6.6987e-05    -3.96913e-05
     -6.9673e-05    -5.27793e-05
    -0.000577191     -0.00057928
    -0.000947466    -0.000893824
     -7.9566e-05     -4.6744e-05
     -6.3226e-05    -4.16142e-05
    -0.000354477    -0.000326638
    -0.000250288    -0.000243432
     -0.00173387     -0.00167718
    -0.000290343     -0.00023822
     -5.1432e-05    -4.27454e-05
     -7.6792e-05    -5.16154e-05
    -0.000652175    -0.000620131
    -0.000171579    -0.000134375
    -0.000889898    -0.000960202
    -0.000286468    -0.000193179
     -6.3916e-05    -5.01524e-05
     -8.1219e-05    -7.69304e-05
    -0.000467069    -0.000436709
     -0.00137497     -0.00165647
    -0.000479479    -0.000435733
     -0.00017835    -0.000142259
    -0.000172457     -9.5975e-05
    -0.000102091    -8.65587e-05
     -7.4087e-05    -5.95878e-05
     -6.9837e-05     -5.4213e-05
    -0.000355685    -0.000351879
    -0.000137651    -0.000128034
    -0.000142708    -0.000117373
     -0.00157512     -0.00170917
     -0.00138188     -0.00144275
      -5.749e-05    -4.57993e-05
    -0.000108261    -8.67269e-05
     -0.00012198    -8.59128e-05
      -0.0012786      -0.0015637
    -0.000519394    -0.000537143
     -0.00054186    -0.000642866
     -8.9693e-05    -8.37467e-05
     -0.00027832    -0.000308887
     -4.8303e-05    -4.44654e-05
     -7.9099e-05    -6.72955e-05
     -6.0058e-05    -3.47097e-05
     -0.00107728    -0.000953963
    -0.000288758    -0.000256882
    -0.000103261    -7.03769e-05
     -5.7904e-05    -3.19317e-05
     -0.00019182    -0.000162724
    -0.000555282    -0.000509517
    -0.000769653    -0.000497616
    -0.000181644    -0.000142811
     -6.8502e-05    -4.18106e-05
    -0.000605409    -0.000552312
    -0.000483009    -0.000662575
    -0.000139346    -0.000117817
    -0.000283027    -0.000336399
    -0.000433972    -0.000606426
     -6.2364e-05    -5.00072e-05
     -0.00027251    -0.000240006
    -0.000493065    -0.000484274
     -7.4735e-05    -6.29916e-05
     -0.00130342     -0.00132359
    -0.000209759    -0.000146806
    -0.000124507    -9.45099e-05
    -0.000396723    -0.000441766
    -0.000145968    -0.000117324
    -0.000156253    -0.000144406
    -0.000928978     -0.00112767
    -0.000433852    -0.000435427
    -0.000306223    -0.000271492
    -0.000455638    -0.000403127
    -0.000217524    -0.000140894
    -0.000518092    -0.000565005
    -0.000569654    -0.000505298
     -0.00118108     -0.00110777
     -9.3168e-05    -8.17882e-05
     -9.4874e-05    -7.94991e-05
    -0.000987907     -0.00101632
    -0.000821516    -0.000793448
     -7.8163e-05    -4.81179e-05
     -0.00171425     -0.00178162
    -0.000632239    -0.000572147
     -0.00150583     -0.00151205
     -0.00115124     -0.00116248
     -0.00030145    -0.000283782
      -7.407e-05    -4.05673e-05
     -8.0205e-05    -7.04465e-05
