RUNNING THE L-BFGS-B CODE

it    = iteration number
nf    = number of function evaluations
nseg  = number of segments explored during the Cauchy search
nact  = number of active bounds at the generalized Cauchy point
sub   = manner in which the subspace minimization terminated:
        con = converged, bnd = a bound was reached
itls  = number of iterations performed in the line search
stepl = step length used
tstep = norm of the displacement (total step)
projg = norm of the projected gradient
f     = function value

           * * *

Machine precision = 2.220D-16
 N =            9     M =           10

   it   nf  nseg  nact  sub  itls  stepl    tstep     projg        f
    0    1     -     -   -     -     -        -     1.474D-03  5.224D-04
    1    2     1     0  ---    0  1.0D+00  1.9D-03  1.410D-03  5.189D-04
    2    3     1     0  con    0  1.0D+00  6.2D-02  4.738D-04  4.490D-04
    3    4     1     0  con    0  1.0D+00  5.5D-02  4.288D-04  4.160D-04
    4    5     1     0  con    0  1.0D+00  2.0D-01  6.582D-04  3.199D-04
    5    7     1     0  con    1  2.6D-01  1.5D-01  5.553D-04  2.778D-04
    6    8     1     0  con    0  1.0D+00  5.0D-02  4.578D-04  2.546D-04
    7   10     1     0  con    1  4.7D-01  3.1D-01  7.330D-04  1.772D-04
    8   11     1     0  con    0  1.0D+00  1.1D-01  6.548D-04  1.525D-04
    9   14     1     0  con    2  6.8D-01  1.7D-01  3.925D-04  9.465D-05
   10   16     1     0  con    1  3.1D-01  6.5D-02  8.612D-04  7.847D-05
   11   17     1     0  con    0  1.0D+00  1.1D-01  3.271D-04  7.535D-05
   12   18     1     0  con    0  1.0D+00  4.7D-02  2.712D-04  6.380D-05
   13   19     1     0  con    0  1.0D+00  4.9D-02  5.012D-04  5.856D-05
   14   20     1     0  con    0  1.0D+00  2.0D-02  3.637D-04  5.356D-05
   15   21     1     0  con    0  1.0D+00  1.3D-01  2.305D-04  3.806D-05
   16   22     1     0  con    0  1.0D+00  7.9D-02  6.285D-05  3.315D-05
   17   23     1     0  con    0  1.0D+00  5.6D-02  1.173D-04  3.249D-05
   18   24     1     0  con    0  1.0D+00  1.0D-02  4.769D-05  3.232D-05
   19   25     1     0  con    0  1.0D+00  2.0D-03  1.904D-05  3.229D-05
   20   26     1     0  con    0  1.0D+00  1.6D-03  1.741D-05  3.227D-05
   21   27     1     0  con    0  1.0D+00  1.7D-02  7.669D-05  3.204D-05
   22   28     1     0  con    0  1.0D+00  2.5D-02  1.352D-04  3.177D-05
   23   29     1     0  con    0  1.0D+00  2.9D-02  1.406D-04  3.150D-05
   24   30     1     0  con    0  1.0D+00  4.9D-02  1.103D-04  3.113D-05
   25   31     1     0  con    0  1.0D+00  7.3D-02  4.788D-05  3.032D-05
   26   32     1     0  con    0  1.0D+00  1.8D-01  9.893D-05  2.855D-05
   27   34     1     0  con    1  3.4D-01  1.4D-01  9.687D-05  2.737D-05
   28   36     1     0  con    1  3.7D-01  3.2D-01  8.382D-05  2.494D-05
   29   38     1     0  con    1  1.5D-01  1.3D-01  2.077D-04  2.412D-05
   30   39     1     0  con    0  1.0D+00  1.9D-01  3.475D-04  2.194D-05
   31   41     1     0  con    1  4.8D-01  2.3D-01  2.579D-04  1.976D-05
   32   42     1     0  con    0  1.0D+00  2.6D-01  6.395D-05  1.529D-05
   33   43     1     0  con    0  1.0D+00  3.6D-01  3.167D-05  1.245D-05
   34   44     1     0  con    0  1.0D+00  2.9D-01  1.677D-05  1.107D-05
   35   46     1     0  con    1  3.9D-01  6.4D-02  9.157D-05  1.070D-05
   36   47     1     0  con    0  1.0D+00  1.5D-01  7.397D-05  1.025D-05
   37   48     1     0  con    0  1.0D+00  1.7D-01  7.954D-05  9.160D-06
   38   49     1     0  con    0  1.0D+00  3.5D-01  8.924D-05  6.816D-06
   39   50     1     0  con    0  1.0D+00  2.0D-01  8.276D-05  4.764D-06
   40   51     1     0  con    0  1.0D+00  2.7D-01  1.282D-04  3.474D-06
   41   52     1     0  con    0  1.0D+00  4.0D-01  5.144D-05  2.477D-06
   42   53     1     0  con    0  1.0D+00  5.4D-02  1.628D-05  2.267D-06
   43   54     1     0  con    0  1.0D+00  5.7D-02  7.704D-06  2.161D-06
   44   55     1     0  con    0  1.0D+00  2.1D-02  5.960D-06  2.125D-06
   45   56     1     0  con    0  1.0D+00  1.6D-02  3.383D-06  2.120D-06
   46   58     1     0  con    1  4.4D-01  1.7D-02  2.200D-06  2.116D-06
   47   59     1     0  con    0  1.0D+00  9.9D-03  2.146D-06  2.113D-06
   48   60     1     0  con    0  1.0D+00  1.7D-02  3.767D-06  2.103D-06
   49   61     1     0  con    0  1.0D+00  8.8D-02  7.175D-06  2.069D-06
   50   62     1     0  con    0  1.0D+00  6.8D-02  1.799D-05  2.051D-06
   51   63     1     0  con    0  1.0D+00  3.6D-02  5.583D-06  2.023D-06
   52   64     1     0  con    0  1.0D+00  2.0D-02  2.134D-06  2.011D-06
   53   65     1     0  con    0  1.0D+00  9.0D-03  2.841D-06  2.009D-06
   54   66     1     0  con    0  1.0D+00  4.7D-03  1.583D-06  2.009D-06
   55   67     1     0  con    0  1.0D+00  2.1D-03  3.898D-07  2.009D-06
   56   68     1     0  con    0  1.0D+00  3.7D-04  3.908D-07  2.009D-06
   57   69     1     0  con    0  1.0D+00  1.7D-03  2.019D-06  2.008D-06
   58   70     1     0  con    0  1.0D+00  2.9D-03  3.754D-06  2.008D-06
   59   71     1     0  con    0  1.0D+00  7.6D-03  5.864D-06  2.006D-06
   60   72     1     0  con    0  1.0D+00  1.2D-02  6.466D-06  2.004D-06
   61   73     1     0  con    0  1.0D+00  1.8D-02  7.924D-06  2.003D-06
   62   74     1     0  con    0  1.0D+00  6.6D-03  3.641D-06  2.001D-06
   63   75     1     0  con    0  1.0D+00  5.0D-03  2.485D-06  2.000D-06
   64   76     1     0  con    0  1.0D+00  2.1D-03  7.986D-07  2.000D-06
   65   77     1     0  con    0  1.0D+00  2.4D-03  1.847D-06  1.999D-06
   66   78     1     0  con    0  1.0D+00  2.0D-03  3.062D-06  1.999D-06
   67   79     1     0  con    0  1.0D+00  6.0D-03  4.524D-06  1.998D-06
   68   80     1     0  con    0  1.0D+00  8.1D-03  3.590D-06  1.997D-06
   69   82     1     0  con    1  3.8D-01  9.8D-03  4.156D-06  1.996D-06
   70   83     1     0  con    0  1.0D+00  6.8D-03  4.769D-07  1.995D-06
   71   84     1     0  con    0  1.0D+00  1.8D-03  1.370D-06  1.995D-06
   72   85     1     0  con    0  1.0D+00  1.9D-03  1.922D-06  1.995D-06
   73   86     1     0  con    0  1.0D+00  3.8D-03  2.203D-06  1.995D-06
   74   87     1     0  con    0  1.0D+00  4.1D-03  3.125D-06  1.994D-06
   75   88     1     0  con    0  1.0D+00  2.4D-03  9.639D-07  1.994D-06
   76   89     1     0  con    0  1.0D+00  3.7D-03  8.971D-07  1.993D-06
   77   90     1     0  con    0  1.0D+00  8.7D-03  2.887D-06  1.992D-06
   78   91     1     0  con    0  1.0D+00  1.6D-02  4.467D-06  1.990D-06
   79   92     1     0  con    0  1.0D+00  2.0D-02  3.745D-06  1.988D-06
   80   94     1     0  con    1  3.8D-01  7.9D-03  3.608D-06  1.987D-06
   81   96     1     0  con    1  2.2D-01  2.0D-03  1.632D-06  1.987D-06
   82   97     1     0  con    0  1.0D+00  4.8D-03  6.956D-07  1.986D-06
   83   98     1     0  con    0  1.0D+00  2.2D-03  1.448D-07  1.986D-06
   84   99     1     0  con    0  1.0D+00  3.3D-04  1.828D-07  1.986D-06
   85  100     1     0  con    0  1.0D+00  6.5D-04  3.959D-07  1.986D-06
   86  101     1     0  con    0  1.0D+00  1.5D-03  5.228D-07  1.986D-06
   87  102     1     0  con    0  1.0D+00  6.2D-03  1.241D-06  1.986D-06
   88  103     1     0  con    0  1.0D+00  1.3D-02  9.951D-07  1.985D-06
   89  104     1     0  con    0  1.0D+00  1.3D-02  1.220D-06  1.985D-06
   90  105     1     0  con    0  1.0D+00  3.5D-02  9.079D-07  1.983D-06
   91  106     1     0  con    0  1.0D+00  3.4D-02  1.120D-06  1.982D-06
   92  108     1     0  con    1  1.7D-01  4.8D-03  2.457D-06  1.982D-06
   93  109     1     0  con    0  1.0D+00  1.1D-02  1.384D-06  1.981D-06
   94  110     1     0  con    0  1.0D+00  2.4D-02  2.753D-06  1.980D-06
   95  111     1     0  con    0  1.0D+00  1.3D-02  1.058D-06  1.980D-06
   96  112     1     0  con    0  1.0D+00  7.4D-03  2.703D-07  1.979D-06
   97  113     1     0  con    0  1.0D+00  6.0D-03  1.223D-06  1.978D-06
   98  114     1     0  con    0  1.0D+00  1.8D-02  3.307D-06  1.975D-06
   99  115     1     0  con    0  1.0D+00  3.9D-02  5.621D-06  1.971D-06
  100  116     1     0  con    0  1.0D+00  5.8D-02  7.227D-06  1.966D-06
  101  117     1     0  con    0  1.0D+00  7.6D-02  5.476D-06  1.960D-06
  102  118     1     0  con    0  1.0D+00  8.1D-02  1.183D-06  1.954D-06
  103  120     1     0  con    1  3.0D-01  7.3D-02  2.576D-06  1.951D-06
  104  121     1     0  con    0  1.0D+00  1.2D-01  3.177D-06  1.946D-06
  105  122     1     0  con    0  1.0D+00  9.5D-02  6.237D-06  1.941D-06
  106  123     1     0  con    0  1.0D+00  7.7D-02  1.388D-05  1.934D-06
  107  125     1     0  con    1  2.1D-01  7.6D-02  1.157D-05  1.928D-06
  108  127     1     0  con    1  3.1D-01  9.3D-02  4.846D-06  1.917D-06
  109  128     1     0  con    0  1.0D+00  4.6D-02  1.859D-05  1.905D-06
  110  129     1     0  con    0  1.0D+00  2.3D-02  8.035D-06  1.895D-06
  111  130     1     0  con    0  1.0D+00  1.2D-01  7.386D-06  1.888D-06
  112  131     1     0  con    0  1.0D+00  3.3D-02  5.816D-06  1.870D-06
  113  132     1     0  con    0  1.0D+00  1.3D-01  1.734D-05  1.860D-06
  114  133     1     0  con    0  1.0D+00  3.0D-02  4.773D-06  1.855D-06
  115  134     1     0  con    0  1.0D+00  2.4D-02  3.469D-06  1.853D-06
  116  135     1     0  con    0  1.0D+00  2.2D-02  3.926D-06  1.850D-06
  117  136     1     0  con    0  1.0D+00  2.2D-02  2.974D-06  1.848D-06
  118  137     1     0  con    0  1.0D+00  6.1D-03  7.845D-07  1.846D-06
  119  138     1     0  con    0  1.0D+00  9.6D-03  1.101D-06  1.846D-06
  120  139     1     0  con    0  1.0D+00  1.8D-02  2.966D-06  1.843D-06
  121  140     1     0  con    0  1.0D+00  3.0D-02  2.379D-06  1.839D-06
  122  141     1     0  con    0  1.0D+00  2.3D-02  2.572D-06  1.835D-06
  123  142     1     0  con    0  1.0D+00  4.1D-02  1.959D-06  1.833D-06
  124  143     1     0  con    0  1.0D+00  1.6D-02  1.233D-06  1.831D-06
  125  144     1     0  con    0  1.0D+00  2.4D-03  2.679D-06  1.830D-06
  126  145     1     0  con    0  1.0D+00  6.3D-03  1.819D-06  1.829D-06
  127  146     1     0  con    0  1.0D+00  4.1D-02  2.669D-07  1.828D-06
  128  147     1     0  con    0  1.0D+00  4.8D-02  2.299D-06  1.827D-06
  129  148     1     0  con    0  1.0D+00  2.9D-02  1.553D-06  1.826D-06
  130  149     1     0  con    0  1.0D+00  3.4D-02  6.961D-07  1.825D-06
  131  150     1     0  con    0  1.0D+00  3.7D-02  4.745D-07  1.824D-06
  132  152     1     0  con    1  1.3D-01  1.6D-02  1.733D-06  1.823D-06
  133  153     1     0  con    0  1.0D+00  1.4D-02  4.275D-06  1.821D-06
  134  154     1     0  con    0  1.0D+00  7.4D-02  5.627D-06  1.820D-06
  135  155     1     0  con    0  1.0D+00  4.1D-02  3.253D-06  1.817D-06
  136  156     1     0  con    0  1.0D+00  1.7D-02  1.494D-06  1.816D-06
  137  157     1     0  con    0  1.0D+00  4.8D-02  4.553D-06  1.814D-06
  138  158     1     0  con    0  1.0D+00  9.3D-03  3.979D-06  1.813D-06
  139  159     1     0  con    0  1.0D+00  9.1D-02  4.779D-06  1.805D-06
  140  161     1     0  con    1  7.2D-02  4.2D-02  7.497D-06  1.803D-06
  141  162     1     0  con    0  1.0D+00  1.3D-01  6.289D-06  1.798D-06
  142  163     1     0  con    0  1.0D+00  4.6D-02  7.827D-06  1.796D-06
  143  164     1     0  con    0  1.0D+00  1.2D-02  1.337D-06  1.794D-06
  144  165     1     0  con    0  1.0D+00  3.3D-02  3.064D-06  1.794D-06
  145  166     1     0  con    0  1.0D+00  2.5D-02  3.845D-06  1.793D-06
  146  167     1     0  con    0  1.0D+00  2.6D-02  1.393D-06  1.791D-06
  147  169     1     0  con    1  4.7D-01  3.7D-02  2.318D-06  1.790D-06
  148  170     1     0  con    0  1.0D+00  4.9D-02  1.581D-06  1.788D-06
  149  171     1     0  con    0  1.0D+00  2.2D-02  1.476D-06  1.787D-06
  150  172     1     0  con    0  1.0D+00  2.5D-02  2.865D-06  1.787D-06
  151  173     1     0  con    0  1.0D+00  1.3D-02  5.191D-07  1.787D-06
  152  174     1     0  con    0  1.0D+00  1.1D-02  4.289D-07  1.787D-06
  153  175     1     0  con    0  1.0D+00  2.8D-02  7.050D-07  1.786D-06
  154  177     1     0  con    1  4.8D-01  8.9D-03  2.503D-06  1.786D-06
  155  178     1     0  con    0  1.0D+00  1.7D-02  9.982D-07  1.786D-06
  156  179     1     0  con    0  1.0D+00  3.8D-03  3.239D-07  1.786D-06
  157  181     1     0  con    1  5.0D-01  3.7D-03  2.442D-07  1.786D-06
  158  182     1     0  con    0  1.0D+00  8.7D-03  5.185D-07  1.786D-06
  159  183     1     0  con    0  1.0D+00  2.0D-03  2.240D-07  1.786D-06
  160  184     1     0  con    0  1.0D+00  8.7D-03  8.520D-07  1.785D-06
  161  185     1     0  con    0  1.0D+00  2.2D-03  8.545D-07  1.785D-06
  162  187     1     0  con    1  8.5D-02  1.1D-02  2.371D-07  1.785D-06
  163  188     1     0  con    0  1.0D+00  1.6D-02  3.127D-07  1.785D-06
  164  189     1     0  con    0  1.0D+00  1.8D-02  4.273D-07  1.785D-06
  165  191     1     0  con    1  2.1D-01  8.2D-03  1.706D-06  1.785D-06
  166  192     1     0  con    0  1.0D+00  9.1D-04  9.807D-07  1.785D-06
  167  193     1     0  con    0  1.0D+00  2.3D-02  3.411D-07  1.784D-06
  168  194     1     0  con    0  1.0D+00  3.9D-02  9.199D-07  1.784D-06
  169  195     1     0  con    0  1.0D+00  4.7D-03  7.015D-07  1.784D-06
  170  196     1     0  con    0  1.0D+00  1.0D-02  6.102D-07  1.784D-06
  171  198     1     0  con    1  1.4D-01  1.2D-02  4.612D-07  1.784D-06
  172  199     1     0  con    0  1.0D+00  1.4D-02  1.615D-07  1.783D-06
  173  201     1     0  con    1  3.0D-01  1.3D-02  4.329D-07  1.783D-06
  174  202     1     0  con    0  1.0D+00  6.3D-03  5.585D-07  1.783D-06
  175  203     1     0  con    0  1.0D+00  2.6D-02  1.139D-06  1.783D-06
  176  205     1     0  con    1  1.8D-01  7.2D-04  3.295D-07  1.783D-06
  177  206     1     0  con    0  1.0D+00  9.1D-04  3.327D-07  1.783D-06
  178  207     1     0  con    0  1.0D+00  7.3D-03  1.912D-07  1.783D-06
  179  208     1     0  con    0  1.0D+00  1.8D-02  3.701D-07  1.783D-06
  180  209     1     0  con    0  1.0D+00  9.4D-03  1.763D-07  1.783D-06
  181  210     1     0  con    0  1.0D+00  1.4D-02  4.192D-07  1.783D-06
  182  211     1     0  con    0  1.0D+00  5.9D-03  9.790D-08  1.783D-06
  183  212     1     0  con    0  1.0D+00  1.1D-02  3.586D-07  1.783D-06
  184  213     1     0  con    0  1.0D+00  8.8D-03  3.181D-07  1.783D-06
  185  214     1     0  con    0  1.0D+00  3.2D-03  1.143D-07  1.783D-06
  186  215     1     0  con    0  1.0D+00  5.9D-03  8.330D-08  1.783D-06
  187  217     1     0  con    1  1.5D-01  1.6D-03  1.757D-07  1.783D-06
  188  218     1     0  con    0  1.0D+00  3.6D-03  6.411D-08  1.783D-06
  189  219     1     0  con    0  1.0D+00  1.7D-03  9.261D-08  1.783D-06
  190  220     1     0  con    0  1.0D+00  2.2D-03  1.273D-07  1.783D-06
  191  221     1     0  con    0  1.0D+00  9.7D-04  1.165D-07  1.783D-06
  192  222     1     0  con    0  1.0D+00  3.2D-03  4.579D-08  1.783D-06
  193  223     1     0  con    0  1.0D+00  1.3D-03  7.288D-09  1.783D-06
  194  224     1     0  con    0  1.0D+00  2.2D-03  2.583D-08  1.783D-06
  195  225     1     0  con    0  1.0D+00  3.8D-03  1.674D-08  1.783D-06
  196  226     1     0  con    0  1.0D+00  5.0D-04  1.639D-07  1.783D-06
  197  227     1     0  con    0  1.0D+00  2.8D-04  5.448D-08  1.783D-06
  198  228     1     0  con    0  1.0D+00  4.7D-04  2.963D-08  1.783D-06
  199  229     1     0  con    0  1.0D+00  3.3D-04  3.763D-08  1.783D-06
  200  231     1     0  con    1  2.9D-01  3.4D-04  8.613D-08  1.783D-06
  201  232     1     0  con    0  1.0D+00  8.4D-04  5.917D-08  1.783D-06
  202  233     1     0  con    0  1.0D+00  1.3D-03  7.517D-09  1.783D-06
  203  234     1     0  con    0  1.0D+00  1.1D-03  3.541D-08  1.783D-06
  204  235     1     0  con    0  1.0D+00  2.7D-04  3.367D-08  1.783D-06
  205  237     1     0  con    1  8.4D-02  9.4D-05  3.348D-08  1.783D-06
  206  238     1     0  con    0  1.0D+00  1.6D-04  1.051D-08  1.783D-06
  207  239     1     0  con    0  1.0D+00  5.1D-05  3.398D-09  1.783D-06
  208  240     1     0  con    0  1.0D+00  1.4D-05  7.023D-10  1.783D-06
  209  241     1     0  con    0  1.0D+00  7.7D-06  1.955D-09  1.783D-06
  210  242     1     0  con    0  1.0D+00  1.9D-05  4.419D-09  1.783D-06
  211  243     1     0  con    0  1.0D+00  1.9D-05  4.049D-09  1.783D-06
  212  245     1     0  con    1  2.8D-02  2.4D-05  4.416D-09  1.783D-06
  213  246     1     0  con    0  1.0D+00  1.0D-05  1.819D-09  1.783D-06
  214  247     1     0  con    0  1.0D+00  4.4D-06  2.375D-10  1.783D-06
  215  248     1     0  con    0  1.0D+00  2.5D-06  3.850D-10  1.783D-06
  216  249     1     0  con    0  1.0D+00  9.2D-07  5.175D-10  1.783D-06

CONVERGENCE: REL_REDUCTION_OF_F_<=_FACTR*EPSMCH             

 Total User time 0.000E+00 seconds.

RUNNING THE L-BFGS-B CODE

it    = iteration number
nf    = number of function evaluations
nseg  = number of segments explored during the Cauchy search
nact  = number of active bounds at the generalized Cauchy point
sub   = manner in which the subspace minimization terminated:
        con = converged, bnd = a bound was reached
itls  = number of iterations performed in the line search
stepl = step length used
tstep = norm of the displacement (total step)
projg = norm of the projected gradient
f     = function value

           * * *

Machine precision = 2.220D-16
 N =            7     M =           10

   it   nf  nseg  nact  sub  itls  stepl    tstep     projg        f
    0    1     -     -   -     -     -        -     5.472D-03  3.745D-03
    1    2     1     0  ---    0  1.0D+00  6.7D-03  5.402D-03  3.700D-03
    2    3     1     0  con    0  1.0D+00  6.0D-01  1.709D-03  1.295D-03
    3    4     1     0  con    0  1.0D+00  4.4D-01  1.091D-03  7.719D-04
    4    5     1     0  con    0  1.0D+00  1.3D-01  8.435D-04  5.966D-04
    5    6     1     0  con    0  1.0D+00  6.4D-01  9.976D-04  2.801D-04
    6    7     1     0  con    0  1.0D+00  9.3D-02  2.238D-04  2.082D-04
    7    8     1     0  con    0  1.0D+00  1.2D-01  2.105D-04  1.837D-04
    8    9     1     0  con    0  1.0D+00  1.3D-01  2.769D-04  1.603D-04
    9   10     1     0  con    0  1.0D+00  3.0D-01  2.113D-04  1.230D-04
   10   11     1     0  con    0  1.0D+00  2.7D-01  1.697D-04  1.096D-04
   11   12     1     0  con    0  1.0D+00  9.7D-02  1.658D-04  1.010D-04
   12   13     1     0  con    0  1.0D+00  3.1D-01  2.305D-04  8.086D-05
   13   14     1     0  con    0  1.0D+00  5.0D-01  2.634D-04  5.611D-05
   14   15     1     0  con    0  1.0D+00  2.1D-01  3.222D-04  4.398D-05
   15   16     1     0  con    0  1.0D+00  1.7D-01  2.142D-04  3.020D-05
   16   17     1     0  con    0  1.0D+00  6.8D-02  1.154D-04  2.648D-05
   17   18     1     0  con    0  1.0D+00  1.5D-01  2.919D-05  2.290D-05
   18   19     1     0  con    0  1.0D+00  2.1D-01  7.009D-05  2.122D-05
   19   20     1     0  con    0  1.0D+00  8.0D-02  3.793D-05  2.053D-05
   20   21     1     0  con    0  1.0D+00  4.8D-02  2.286D-05  2.015D-05
   21   22     1     0  con    0  1.0D+00  4.5D-02  1.057D-05  1.992D-05
   22   23     1     0  con    0  1.0D+00  6.7D-03  2.454D-06  1.989D-05
   23   24     1     0  con    0  1.0D+00  4.3D-03  8.641D-07  1.988D-05
   24   25     1     0  con    0  1.0D+00  8.1D-04  8.001D-07  1.988D-05
   25   26     1     0  con    0  1.0D+00  3.1D-03  8.937D-07  1.988D-05
   26   27     1     0  con    0  1.0D+00  2.9D-03  7.133D-07  1.988D-05
   27   28     1     0  con    0  1.0D+00  2.0D-03  1.143D-06  1.988D-05
   28   29     1     0  con    0  1.0D+00  1.5D-03  5.004D-07  1.988D-05
   29   30     1     0  con    0  1.0D+00  1.9D-03  7.613D-07  1.988D-05
   30   31     1     0  con    0  1.0D+00  8.6D-03  1.360D-06  1.988D-05
   31   32     1     0  con    0  1.0D+00  2.4D-02  3.129D-06  1.988D-05
   32   33     1     0  con    0  1.0D+00  3.9D-02  3.570D-06  1.987D-05
   33   34     1     0  con    0  1.0D+00  5.8D-02  6.241D-06  1.987D-05
   34   35     1     0  con    0  1.0D+00  6.6D-02  8.951D-06  1.986D-05
   35   36     1     0  con    0  1.0D+00  3.4D-02  1.964D-06  1.985D-05
   36   38     1     0  con    1  2.7D-01  4.2D-02  3.830D-06  1.984D-05
   37   39     1     0  con    0  1.0D+00  6.8D-02  8.372D-06  1.984D-05
   38   40     1     0  con    0  1.0D+00  6.0D-03  1.459D-06  1.984D-05
   39   41     1     0  con    0  1.0D+00  3.5D-02  2.183D-06  1.984D-05
   40   43     1     0  con    1  5.0D-01  4.5D-02  3.586D-06  1.983D-05
   41   44     1     0  con    0  1.0D+00  4.4D-02  3.700D-06  1.983D-05
   42   45     1     0  con    0  1.0D+00  5.2D-02  2.242D-06  1.983D-05
   43   47     1     0  con    1  4.5D-01  5.0D-02  5.844D-06  1.982D-05
   44   48     1     0  con    0  1.0D+00  1.2D-01  4.698D-06  1.982D-05
   45   50     1     0  con    1  2.5D-01  1.1D-02  3.598D-06  1.982D-05
   46   52     1     0  con    1  2.7D-01  1.4D-02  1.783D-06  1.982D-05
   47   53     1     0  con    0  1.0D+00  5.0D-03  1.147D-06  1.982D-05
   48   54     1     0  con    0  1.0D+00  5.8D-03  1.674D-06  1.982D-05
   49   55     1     0  con    0  1.0D+00  3.1D-02  2.555D-06  1.981D-05
   50   56     1     0  con    0  1.0D+00  4.0D-02  3.290D-06  1.981D-05
   51   57     1     0  con    0  1.0D+00  4.2D-02  1.997D-06  1.981D-05
   52   58     1     0  con    0  1.0D+00  7.1D-02  6.083D-06  1.981D-05
   53   59     1     0  con    0  1.0D+00  5.2D-03  3.323D-06  1.981D-05
   54   60     1     0  con    0  1.0D+00  1.6D-02  8.164D-07  1.981D-05
   55   61     1     0  con    0  1.0D+00  1.2D-02  1.286D-06  1.981D-05
   56   62     1     0  con    0  1.0D+00  1.8D-02  1.546D-06  1.981D-05
   57   64     1     0  con    1  3.2D-01  2.0D-02  1.674D-06  1.981D-05
   58   65     1     0  con    0  1.0D+00  2.2D-02  9.121D-07  1.981D-05
   59   66     1     0  con    0  1.0D+00  5.9D-02  2.476D-06  1.981D-05
   60   67     1     0  con    0  1.0D+00  6.7D-02  1.176D-06  1.981D-05
   61   69     1     0  con    1  2.0D-01  1.5D-02  9.137D-07  1.981D-05
   62   70     1     0  con    0  1.0D+00  1.1D-02  1.083D-06  1.981D-05
   63   71     1     0  con    0  1.0D+00  1.1D-02  1.192D-06  1.981D-05
   64   72     1     0  con    0  1.0D+00  3.4D-02  1.897D-06  1.981D-05
   65   73     1     0  con    0  1.0D+00  2.4D-02  1.476D-06  1.980D-05
   66   75     1     0  con    1  3.8D-01  2.6D-02  1.457D-06  1.980D-05
   67   76     1     0  con    0  1.0D+00  1.4D-02  9.992D-07  1.980D-05
   68   77     1     0  con    0  1.0D+00  2.2D-03  2.330D-07  1.980D-05
   69   78     1     0  con    0  1.0D+00  9.2D-03  2.704D-07  1.980D-05
   70   79     1     0  con    0  1.0D+00  5.0D-03  2.744D-07  1.980D-05
   71   80     1     0  con    0  1.0D+00  1.5D-02  2.781D-07  1.980D-05
   72   81     1     0  con    0  1.0D+00  1.0D-02  3.091D-07  1.980D-05
   73   82     1     0  con    0  1.0D+00  1.5D-02  4.472D-07  1.980D-05
   74   83     1     0  con    0  1.0D+00  4.5D-03  1.904D-07  1.980D-05
   75   84     1     0  con    0  1.0D+00  2.1D-02  4.036D-07  1.980D-05
   76   85     1     0  con    0  1.0D+00  1.4D-02  1.761D-07  1.980D-05
   77   86     1     0  con    0  1.0D+00  2.8D-03  1.079D-07  1.980D-05
   78   87     1     0  con    0  1.0D+00  5.7D-03  1.013D-07  1.980D-05
   79   88     1     0  con    0  1.0D+00  1.4D-03  6.444D-08  1.980D-05
   80   89     1     0  con    0  1.0D+00  3.9D-03  9.030D-08  1.980D-05
   81   90     1     0  con    0  1.0D+00  2.9D-04  4.798D-08  1.980D-05
   82   91     1     0  con    0  1.0D+00  1.3D-03  1.915D-08  1.980D-05
   83   92     1     0  con    0  1.0D+00  1.2D-03  7.043D-09  1.980D-05
   84   93     1     0  con    0  1.0D+00  1.3D-03  7.131D-09  1.980D-05
   85   94     1     0  con    0  1.0D+00  1.1D-03  2.580D-08  1.980D-05
   86   95     1     0  con    0  1.0D+00  4.3D-04  1.126D-08  1.980D-05
   87   96     1     0  con    0  1.0D+00  6.5D-04  4.706D-09  1.980D-05
   88   97     1     0  con    0  1.0D+00  1.8D-04  5.397D-10  1.980D-05
   89   98     1     0  con    0  1.0D+00  3.9D-05  3.902D-11  1.980D-05
   90   99     1     0  con    0  1.0D+00  5.9D-07  5.330D-11  1.980D-05

CONVERGENCE: REL_REDUCTION_OF_F_<=_FACTR*EPSMCH             

 Total User time 0.000E+00 seconds.

RUNNING THE L-BFGS-B CODE

it    = iteration number
nf    = number of function evaluations
nseg  = number of segments explored during the Cauchy search
nact  = number of active bounds at the generalized Cauchy point
sub   = manner in which the subspace minimization terminated:
        con = converged, bnd = a bound was reached
itls  = number of iterations performed in the line search
stepl = step length used
tstep = norm of the displacement (total step)
projg = norm of the projected gradient
f     = function value

           * * *

Machine precision = 2.220D-16
 N =            7     M =           10

   it   nf  nseg  nact  sub  itls  stepl    tstep     projg        f
    0    1     -     -   -     -     -        -     5.735D-04  3.033D-04
    1    2     1     0  ---    0  1.0D+00  7.4D-04  5.728D-04  3.028D-04
    2    3     1     0  con    0  1.0D+00  6.1D-01  1.538D-04  4.031D-05
    3    4     1     0  con    0  1.0D+00  2.4D-01  4.185D-05  1.094D-05
    4    5     1     0  con    0  1.0D+00  1.2D-01  1.220D-05  7.153D-06
    5    6     1     0  con    0  1.0D+00  3.8D-02  1.004D-05  6.690D-06
    6    7     1     0  con    0  1.0D+00  1.7D-01  1.208D-05  5.312D-06
    7    8     1     0  con    0  1.0D+00  1.0D-01  2.245D-06  4.877D-06
    8    9     1     0  con    0  1.0D+00  4.3D-02  2.111D-06  4.809D-06
    9   10     1     0  con    0  1.0D+00  4.3D-02  3.037D-06  4.756D-06
   10   11     1     0  con    0  1.0D+00  8.2D-02  3.964D-06  4.665D-06
   11   12     1     0  con    0  1.0D+00  1.1D-01  2.921D-06  4.543D-06
   12   13     1     0  con    0  1.0D+00  1.3D-01  1.181D-06  4.445D-06
   13   14     1     0  con    0  1.0D+00  5.6D-02  1.912D-06  4.418D-06
   14   15     1     0  con    0  1.0D+00  8.5D-02  1.123D-06  4.378D-06
   15   16     1     0  con    0  1.0D+00  2.1D-01  2.611D-06  4.308D-06
   16   17     1     0  con    0  1.0D+00  2.9D-01  2.628D-06  4.250D-06
   17   18     1     0  con    0  1.0D+00  1.6D-01  7.385D-07  4.194D-06
   18   19     1     0  con    0  1.0D+00  2.4D-01  2.161D-06  4.162D-06
   19   21     1     0  con    1  4.5D-01  8.4D-02  1.639D-06  4.146D-06
   20   22     1     0  con    0  1.0D+00  1.5D-01  1.635D-06  4.113D-06
   21   23     1     0  con    0  1.0D+00  2.0D-01  9.544D-07  4.029D-06
   22   24     1     0  con    0  1.0D+00  2.7D-01  2.241D-06  3.968D-06
   23   25     1     0  con    0  1.0D+00  1.7D-01  9.716D-07  3.957D-06
   24   26     1     0  con    0  1.0D+00  1.4D-01  1.449D-06  3.950D-06
   25   27     1     0  con    0  1.0D+00  2.5D-01  1.305D-06  3.942D-06
   26   28     1     0  con    0  1.0D+00  3.3D-01  8.269D-07  3.935D-06
   27   29     1     0  con    0  1.0D+00  2.1D-01  6.607D-07  3.932D-06
   28   30     1     0  con    0  1.0D+00  3.0D-01  8.194D-07  3.930D-06
   29   31     1     0  con    0  1.0D+00  5.8D-02  1.694D-07  3.929D-06
   30   32     1     0  con    0  1.0D+00  1.0D-01  1.522D-07  3.929D-06
   31   34     1     0  con    1  1.1D-01  3.1D-02  9.343D-08  3.929D-06
   32   35     1     0  con    0  1.0D+00  1.5D-01  7.194D-08  3.929D-06
   33   36     1     0  con    0  1.0D+00  1.3D-01  8.561D-08  3.928D-06
   34   37     1     0  con    0  1.0D+00  1.0D-01  8.241D-08  3.928D-06
   35   38     1     0  con    0  1.0D+00  5.4D-01  9.083D-07  3.925D-06
   36   40     1     0  con    1  4.6D-01  8.1D-02  1.126D-06  3.923D-06
   37   41     1     0  con    0  1.0D+00  2.2D-01  3.714D-07  3.921D-06
   38   42     1     0  con    0  1.0D+00  1.5D-01  2.241D-07  3.920D-06
   39   43     1     0  con    0  1.0D+00  9.2D-02  5.022D-07  3.920D-06
   40   44     1     0  con    0  1.0D+00  5.0D-02  2.911D-07  3.920D-06
   41   45     1     0  con    0  1.0D+00  3.3D-01  3.202D-07  3.919D-06
   42   46     1     0  con    0  1.0D+00  6.8D-02  2.809D-07  3.919D-06
   43   47     1     0  con    0  1.0D+00  1.3D-01  9.707D-08  3.919D-06
   44   48     1     0  con    0  1.0D+00  6.0D-02  6.809D-08  3.919D-06
   45   49     1     0  con    0  1.0D+00  1.1D-02  5.541D-08  3.919D-06
   46   50     1     0  con    0  1.0D+00  3.6D-02  2.654D-08  3.919D-06
   47   51     1     0  con    0  1.0D+00  1.9D-02  7.524D-09  3.919D-06
   48   53     1     0  con    1  5.0D+00  6.6D-03  1.297D-08  3.919D-06
   49   54     1     0  con    0  1.0D+00  1.1D-02  2.248D-08  3.919D-06
   50   55     1     0  con    0  1.0D+00  7.1D-03  1.150D-07  3.919D-06
   51   56     1     0  con    0  1.0D+00  6.3D-03  9.004D-08  3.919D-06
   52   57     1     0  con    0  1.0D+00  1.5D-01  1.845D-07  3.919D-06
   53   58     1     0  con    0  1.0D+00  3.7D-02  1.765D-07  3.918D-06
   54   59     1     0  con    0  1.0D+00  1.6D-01  3.739D-07  3.918D-06
   55   60     1     0  con    0  1.0D+00  1.1D-01  6.850D-07  3.918D-06
   56   62     1     0  con    1  3.9D-01  1.3D-01  7.096D-07  3.917D-06
   57   63     1     0  con    0  1.0D+00  3.4D-01  8.222D-07  3.916D-06
   58   64     1     0  con    0  1.0D+00  1.8D-01  4.201D-07  3.916D-06
   59   65     1     0  con    0  1.0D+00  1.5D-01  2.881D-07  3.915D-06
   60   66     1     0  con    0  1.0D+00  1.2D-01  4.749D-07  3.915D-06
   61   67     1     0  con    0  1.0D+00  7.9D-02  4.707D-07  3.915D-06
   62   68     1     0  con    0  1.0D+00  6.6D-02  4.993D-07  3.914D-06
   63   70     1     0  con    1  5.0D-01  1.8D-01  4.339D-07  3.914D-06
   64   71     1     0  con    0  1.0D+00  2.1D-01  4.388D-07  3.913D-06
   65   72     1     0  con    0  1.0D+00  5.0D-02  5.915D-07  3.912D-06
   66   74     1     0  con    1  3.4D-01  1.8D-01  4.971D-07  3.911D-06
   67   76     1     0  con    1  1.3D-01  1.0D-01  4.776D-07  3.911D-06
   68   77     1     0  con    0  1.0D+00  3.7D-02  2.454D-07  3.910D-06
   69   78     1     0  con    0  1.0D+00  5.9D-02  5.379D-07  3.909D-06
   70   79     1     0  con    0  1.0D+00  1.7D-01  6.909D-07  3.908D-06
   71   80     1     0  con    0  1.0D+00  1.8D-01  1.395D-06  3.906D-06
   72   82     1     0  con    1  1.7D-01  9.3D-02  1.007D-06  3.905D-06
   73   84     1     0  con    1  3.6D-01  6.8D-02  3.293D-07  3.903D-06
   74   85     1     0  con    0  1.0D+00  1.1D-01  4.731D-07  3.902D-06
   75   86     1     0  con    0  1.0D+00  9.2D-02  8.257D-07  3.899D-06
   76   88     1     0  con    1  4.4D-01  6.5D-02  1.532D-06  3.897D-06
   77   89     1     0  con    0  1.0D+00  6.9D-02  1.168D-06  3.895D-06
   78   90     1     0  con    0  1.0D+00  6.9D-02  5.111D-07  3.894D-06
   79   91     1     0  con    0  1.0D+00  6.9D-02  2.994D-07  3.891D-06
   80   93     1     0  con    1  2.3D-01  8.1D-02  7.410D-07  3.890D-06
   81   95     1     0  con    1  4.8D-01  1.4D-01  1.552D-06  3.886D-06
   82   96     1     0  con    0  1.0D+00  6.6D-02  7.113D-07  3.884D-06
   83   97     1     0  con    0  1.0D+00  7.9D-02  9.720D-08  3.883D-06
   84   99     1     0  con    1  4.6D-01  3.3D-02  9.920D-07  3.882D-06
   85  101     1     0  con    1  4.9D-01  3.4D-02  1.771D-07  3.881D-06
   86  102     1     0  con    0  1.0D+00  4.9D-02  7.734D-07  3.880D-06
   87  103     1     0  con    0  1.0D+00  4.7D-02  6.881D-07  3.880D-06
   88  105     1     0  con    1  2.9D-01  5.7D-02  1.335D-06  3.879D-06
   89  106     1     0  con    0  1.0D+00  1.0D-01  1.353D-06  3.877D-06
   90  108     1     0  con    1  1.8D-01  2.9D-02  1.952D-07  3.877D-06
   91  109     1     0  con    0  1.0D+00  9.4D-02  1.262D-07  3.875D-06
   92  111     1     0  con    1  3.4D-01  5.3D-02  8.514D-07  3.875D-06
   93  112     1     0  con    0  1.0D+00  1.3D-01  1.523D-06  3.874D-06
   94  113     1     0  con    0  1.0D+00  2.5D-02  4.713D-08  3.873D-06
   95  114     1     0  con    0  1.0D+00  1.5D-01  1.366D-06  3.872D-06
   96  115     1     0  con    0  1.0D+00  9.4D-03  3.839D-07  3.872D-06
   97  116     1     0  con    0  1.0D+00  1.4D-01  1.222D-06  3.871D-06
   98  117     1     0  con    0  1.0D+00  4.7D-02  2.866D-07  3.870D-06
   99  119     1     0  con    1  4.8D-01  1.1D-01  1.016D-06  3.870D-06
  100  120     1     0  con    0  1.0D+00  1.2D-01  1.125D-06  3.869D-06
  101  121     1     0  con    0  1.0D+00  8.7D-02  3.475D-07  3.869D-06
  102  123     1     0  con    1  3.8D-01  1.1D-01  7.980D-07  3.868D-06
  103  125     1     0  con    1  3.3D-01  6.9D-02  1.499D-06  3.868D-06
  104  126     1     0  con    0  1.0D+00  5.5D-02  1.203D-06  3.868D-06
  105  127     1     0  con    0  1.0D+00  7.5D-02  5.482D-07  3.868D-06
  106  128     1     0  con    0  1.0D+00  1.0D-01  8.016D-07  3.867D-06
  107  129     1     0  con    0  1.0D+00  1.9D-01  7.100D-08  3.867D-06
  108  131     1     0  con    1  1.9D-01  7.5D-02  9.175D-07  3.866D-06
  109  133     1     0  con    1  4.9D-01  1.4D-01  1.524D-06  3.866D-06
  110  134     1     0  con    0  1.0D+00  1.7D-01  9.668D-07  3.865D-06
  111  135     1     0  con    0  1.0D+00  1.5D-01  1.768D-06  3.865D-06
  112  137     1     0  con    1  4.8D-01  3.1D-02  7.453D-08  3.865D-06
  113  139     1     0  con    1  5.0D+00  2.4D-01  2.043D-06  3.864D-06
  114  140     1     0  con    0  1.0D+00  9.0D-03  5.400D-07  3.864D-06
  115  141     1     0  con    0  1.0D+00  2.2D-01  1.402D-06  3.863D-06
  116  142     1     0  con    0  1.0D+00  1.3D-01  1.254D-06  3.863D-06
  117  143     1     0  con    0  1.0D+00  2.9D-01  1.276D-06  3.862D-06
  118  146     1     0  bnd    2  1.7D-02  7.9D-02  4.948D-07  3.862D-06
  119  147     1     0  con    0  1.0D+00  3.1D-01  4.666D-07  3.861D-06
  120  149     1     0  con    1  3.0D-01  1.9D-01  1.865D-06  3.861D-06
  121  151     1     0  con    1  2.5D-01  3.9D-01  2.275D-07  3.860D-06
  122  153     1     0  con    1  3.7D-01  1.0D-01  2.077D-06  3.860D-06
  123  154     1     0  con    0  1.0D+00  7.0D-02  6.819D-07  3.860D-06
  124  155     1     0  con    0  1.0D+00  1.4D-01  1.542D-06  3.859D-06
  125  156     1     0  con    0  1.0D+00  1.6D-01  1.147D-06  3.859D-06
  126  157     1     0  con    0  1.0D+00  2.0D-01  1.996D-06  3.859D-06
  127  158     1     0  con    0  1.0D+00  2.4D-01  1.909D-07  3.859D-06
  128  160     1     0  con    1  5.0D-01  1.2D-01  9.786D-07  3.859D-06
  129  161     1     0  con    0  1.0D+00  1.1D-01  5.081D-07  3.859D-06
  130  162     1     0  con    0  1.0D+00  6.6D-02  1.023D-07  3.859D-06
  131  163     1     0  con    0  1.0D+00  1.3D-01  3.673D-07  3.859D-06
  132  164     1     0  con    0  1.0D+00  4.7D-02  2.404D-07  3.859D-06
  133  165     1     0  con    0  1.0D+00  1.4D-01  4.061D-07  3.859D-06
  134  167     1     0  con    1  4.1D-01  2.5D-01  3.016D-07  3.858D-06
  135  169     1     0  con    1  3.0D-01  2.3D-01  1.121D-06  3.858D-06
  136  170     1     0  con    0  1.0D+00  4.7D-01  2.234D-06  3.858D-06
  137  172     1     0  con    1  4.7D-01  5.3D-02  9.076D-07  3.858D-06
  138  173     1     0  con    0  1.0D+00  3.1D-01  1.070D-06  3.858D-06
  139  174     1     0  con    0  1.0D+00  1.7D-01  1.678D-06  3.858D-06
  140  175     1     0  con    0  1.0D+00  5.2D-01  2.523D-06  3.857D-06
  141  177     1     0  con    1  4.9D-01  2.2D-03  3.789D-07  3.857D-06
  142  178     1     0  con    0  1.0D+00  2.5D-01  1.587D-06  3.857D-06
  143  179     1     0  con    0  1.0D+00  1.6D-02  9.309D-07  3.857D-06
  144  180     1     0  con    0  1.0D+00  1.0D-01  7.432D-07  3.856D-06
  145  181     1     0  con    0  1.0D+00  4.8D-01  1.768D-07  3.856D-06
  146  183     1     0  con    1  1.9D-01  2.9D-01  2.386D-06  3.856D-06
  147  184     1     0  con    0  1.0D+00  3.6D-01  3.600D-06  3.855D-06
  148  185     1     0  con    0  1.0D+00  5.7D-02  1.973D-07  3.855D-06
  149  186     1     0  con    0  1.0D+00  3.2D-01  1.071D-06  3.855D-06
  150  187     1     0  con    0  1.0D+00  1.5D-01  8.613D-07  3.855D-06
  151  189     1     0  con    1  5.1D-01  2.8D-02  9.099D-07  3.855D-06
  152  191     1     0  con    1  2.0D-01  1.5D-02  9.441D-07  3.855D-06
  153  192     1     0  con    0  1.0D+00  1.7D-01  2.168D-06  3.855D-06
  154  193     1     0  con    0  1.0D+00  4.1D-01  3.623D-06  3.855D-06
  155  194     1     0  con    0  1.0D+00  2.0D-01  1.344D-06  3.855D-06
  156  195     1     0  con    0  1.0D+00  5.6D-01  3.820D-06  3.854D-06
  157  196     1     0  con    0  1.0D+00  2.3D-01  8.427D-07  3.854D-06
  158  198     1     0  con    1  3.3D-01  2.4D-01  1.618D-06  3.854D-06
  159  200     1     0  con    1  3.6D-01  2.8D-01  2.196D-06  3.854D-06
  160  201     1     0  con    0  1.0D+00  5.4D-01  3.016D-06  3.854D-06
  161  202     1     0  con    0  1.0D+00  2.4D-01  3.133D-07  3.854D-06
  162  204     1     0  con    1  3.2D-01  2.3D-01  5.018D-07  3.854D-06
  163  206     1     0  con    1  2.7D-01  2.7D-01  1.589D-06  3.854D-06
  164  207     1     0  con    0  1.0D+00  2.7D-01  2.190D-06  3.854D-06
  165  208     1     0  con    0  1.0D+00  2.0D-01  1.049D-06  3.854D-06
  166  209     1     0  con    0  1.0D+00  2.6D-01  9.719D-07  3.854D-06
  167  211     1     0  con    1  1.8D-01  1.3D-01  1.216D-06  3.854D-06
  168  212     1     0  con    0  1.0D+00  1.9D-01  5.263D-07  3.854D-06
  169  214     1     0  con    1  3.9D-01  2.9D-01  4.270D-07  3.854D-06
  170  215     1     0  con    0  1.0D+00  2.7D-01  1.006D-06  3.854D-06
  171  216     1     0  con    0  1.0D+00  6.3D-02  1.428D-07  3.854D-06
  172  217     1     0  con    0  1.0D+00  1.5D-01  2.450D-07  3.854D-06
  173  219     1     0  con    1  5.0D+00  5.4D-01  9.558D-07  3.854D-06
  174  220     1     0  con    0  1.0D+00  3.2D-01  1.195D-06  3.853D-06
  175  222     1     0  con    1  4.1D-01  2.3D-01  5.817D-07  3.853D-06
  176  223     1     0  con    0  1.0D+00  6.1D-03  9.510D-07  3.853D-06
  177  224     1     0  con    0  1.0D+00  9.1D-03  3.014D-07  3.853D-06
  178  225     1     0  con    0  1.0D+00  1.0D-01  9.108D-07  3.853D-06
  179  226     1     0  con    0  1.0D+00  8.6D-02  9.255D-07  3.853D-06
  180  227     1     0  con    0  1.0D+00  7.3D-01  2.809D-06  3.853D-06
  181  228     1     0  con    0  1.0D+00  2.3D-01  7.042D-07  3.853D-06
  182  230     1     0  con    1  4.5D-01  4.8D-01  2.399D-06  3.853D-06
  183  231     1     0  con    0  1.0D+00  7.2D-01  3.920D-06  3.853D-06
  184  232     1     0  con    0  1.0D+00  2.7D-01  2.201D-06  3.853D-06
  185  233     1     0  con    0  1.0D+00  7.6D-01  3.184D-06  3.853D-06
  186  234     1     0  con    0  1.0D+00  1.2D-02  1.299D-06  3.853D-06
  187  235     1     0  con    0  1.0D+00  8.3D-01  4.204D-06  3.853D-06
  188  236     1     0  con    0  1.0D+00  1.4D-01  1.653D-07  3.853D-06
  189  237     1     0  con    0  1.0D+00  8.3D-01  3.100D-06  3.853D-06
  190  238     1     0  con    0  1.0D+00  2.8D-02  2.441D-07  3.852D-06
  191  239     1     0  con    0  1.0D+00  2.3D-01  1.116D-06  3.852D-06
  192  240     1     0  con    0  1.0D+00  8.4D-02  1.002D-06  3.852D-06
  193  241     1     0  con    0  1.0D+00  3.6D-01  1.596D-06  3.852D-06
  194  242     1     0  con    0  1.0D+00  7.5D-02  5.135D-07  3.852D-06
  195  243     1     0  con    0  1.0D+00  2.4D-01  1.448D-06  3.852D-06
  196  244     1     0  con    0  1.0D+00  5.8D-02  8.577D-07  3.852D-06
  197  245     1     0  con    0  1.0D+00  2.4D-01  1.404D-06  3.852D-06
  198  246     1     0  con    0  1.0D+00  1.0D-01  9.718D-07  3.852D-06
  199  247     1     0  con    0  1.0D+00  3.3D-01  1.989D-06  3.852D-06
  200  248     1     0  con    0  1.0D+00  4.7D-01  2.103D-06  3.852D-06
  201  251     1     0  con    2  1.1D-02  9.7D-02  2.605D-06  3.852D-06
  202  252     1     0  con    0  1.0D+00  4.8D-01  1.488D-06  3.852D-06
  203  254     1     0  con    1  3.5D-01  4.9D-01  3.474D-06  3.852D-06
  204  255     1     0  con    0  1.0D+00  9.6D-01  3.246D-06  3.852D-06
  205  257     1     0  con    1  5.9D-02  7.7D-03  3.043D-06  3.852D-06
  206  259     1     0  con    1  5.0D-01  3.4D-02  2.857D-07  3.852D-06
  207  260     1     0  con    0  1.0D+00  4.4D-01  1.010D-06  3.852D-06
  208  262     1     0  con    1  4.2D-01  5.2D-01  2.731D-06  3.852D-06
  209  263     1     0  con    0  1.0D+00  3.9D-01  2.364D-06  3.852D-06
  210  264     1     0  con    0  1.0D+00  4.9D-01  1.730D-06  3.852D-06
  211  265     1     0  con    0  1.0D+00  1.0D+00  3.816D-06  3.852D-06
  212  266     1     0  con    0  1.0D+00  1.3D+00  3.215D-06  3.852D-06
  213  268     1     0  con    1  1.3D-01  4.2D-01  3.162D-07  3.852D-06
  214  269     1     0  con    0  1.0D+00  1.8D-01  2.140D-06  3.852D-06
  215  270     1     0  con    0  1.0D+00  2.2D-02  1.277D-06  3.852D-06
  216  271     1     0  con    0  1.0D+00  5.7D-01  3.865D-06  3.852D-06
  217  272     1     0  con    0  1.0D+00  1.4D-01  2.073D-06  3.852D-06
  218  273     1     0  con    0  1.0D+00  6.5D-01  2.260D-06  3.852D-06
  219  274     1     0  con    0  1.0D+00  5.0D-01  1.503D-06  3.852D-06
  220  275     1     0  con    0  1.0D+00  7.3D-01  3.434D-06  3.852D-06
  221  276     1     0  con    0  1.0D+00  1.4D+00  3.806D-06  3.852D-06
  222  278     1     0  con    1  4.3D-01  2.4D-02  2.351D-07  3.852D-06
  223  279     1     0  con    0  1.0D+00  9.4D-01  2.428D-06  3.852D-06
  224  280     1     0  con    0  1.0D+00  6.3D-01  3.831D-06  3.852D-06
  225  281     1     0  con    0  1.0D+00  6.6D-02  2.960D-07  3.852D-06
  226  282     1     0  con    0  1.0D+00  3.2D-01  1.075D-06  3.852D-06
  227  284     1     0  con    1  4.9D-01  4.7D-01  2.616D-06  3.852D-06
  228  285     1     0  con    0  1.0D+00  4.6D-01  3.120D-06  3.852D-06
  229  286     1     0  con    0  1.0D+00  3.7D-01  2.060D-06  3.852D-06
  230  287     1     0  con    0  1.0D+00  9.9D-01  5.672D-06  3.852D-06
  231  288     1     0  con    0  1.0D+00  8.1D-02  7.491D-07  3.852D-06
  232  289     1     0  con    0  1.0D+00  1.6D-01  1.088D-06  3.852D-06
  233  290     1     0  con    0  1.0D+00  3.6D-01  2.883D-06  3.852D-06
  234  291     1     0  con    0  1.0D+00  2.7D-01  3.323D-06  3.852D-06
  235  292     1     0  con    0  1.0D+00  6.8D-01  3.545D-06  3.851D-06
  236  294     1     0  con    1  2.7D-01  5.6D-01  3.562D-06  3.851D-06
  237  296     1     0  con    1  5.0D-03  1.1D-02  2.907D-06  3.851D-06
  238  297     1     0  con    0  1.0D+00  4.9D-01  1.934D-06  3.851D-06
  239  299     1     0  con    1  3.6D-01  6.9D-01  3.995D-06  3.851D-06
  240  300     1     0  con    0  1.0D+00  9.8D-01  2.167D-06  3.851D-06
  241  301     1     0  con    0  1.0D+00  3.7D-01  1.767D-06  3.851D-06
  242  302     1     0  con    0  1.0D+00  8.2D-01  1.687D-06  3.851D-06
  243  305     1     0  con    2  2.4D-02  3.4D-01  2.910D-06  3.851D-06
  244  307     1     0  con    1  2.8D-01  2.0D-01  5.124D-07  3.851D-06
  245  309     1     0  con    1  3.5D-01  6.5D-01  6.403D-07  3.851D-06
  246  311     1     0  con    1  1.5D-01  9.7D-01  4.355D-06  3.851D-06
  247  312     1     0  con    0  1.0D+00  1.8D-01  3.007D-06  3.851D-06
  248  313     1     0  con    0  1.0D+00  1.1D+00  4.557D-06  3.851D-06
  249  315     1     0  con    1  5.0D-01  5.1D-02  6.699D-07  3.851D-06
  250  316     1     0  con    0  1.0D+00  5.7D-01  2.048D-06  3.851D-06
  251  317     1     0  con    0  1.0D+00  4.5D-01  2.686D-06  3.851D-06
  252  318     1     0  con    0  1.0D+00  1.9D-01  1.673D-06  3.851D-06
  253  319     1     0  con    0  1.0D+00  6.2D-01  1.514D-06  3.851D-06
  254  321     1     0  con    1  2.0D-01  3.1D-01  3.056D-06  3.851D-06
  255  322     1     0  con    0  1.0D+00  4.2D-01  2.905D-07  3.851D-06
  256  323     1     0  con    0  1.0D+00  8.8D-01  2.704D-06  3.851D-06
  257  324     1     0  con    0  1.0D+00  5.9D-01  2.611D-06  3.851D-06
  258  326     1     0  con    1  5.5D-02  1.5D-02  2.993D-06  3.851D-06
  259  327     1     0  con    0  1.0D+00  1.0D+00  1.447D-06  3.851D-06
  260  329     1     0  con    1  3.9D-01  3.4D-01  2.996D-06  3.851D-06
  261  330     1     0  con    0  1.0D+00  6.8D-01  2.247D-06  3.851D-06
  262  331     1     0  con    0  1.0D+00  7.5D-01  2.235D-06  3.851D-06
  263  334     1     0  con    2  3.3D-03  9.0D-02  1.977D-06  3.851D-06
  264  335     1     0  con    0  1.0D+00  2.3D+00  7.483D-06  3.851D-06
  265  336     1     0  con    0  1.0D+00  3.4D-01  5.133D-06  3.851D-06
  266  337     1     0  con    0  1.0D+00  1.5D+00  5.325D-06  3.851D-06
  267  338     1     0  con    0  1.0D+00  6.1D-01  1.729D-07  3.851D-06
  268  339     1     0  con    0  1.0D+00  5.8D-01  1.304D-06  3.851D-06
  269  341     1     0  con    1  2.4D-01  7.8D-01  3.385D-06  3.851D-06
  270  342     1     0  con    0  1.0D+00  8.6D-01  5.141D-06  3.851D-06
  271  343     1     0  con    0  1.0D+00  4.7D-01  2.952D-06  3.851D-06
  272  344     1     0  con    0  1.0D+00  1.1D+00  3.184D-06  3.851D-06
  273  346     1     0  con    1  3.8D-01  6.3D-01  2.259D-06  3.851D-06
  274  347     1     0  con    0  1.0D+00  9.8D-01  1.954D-06  3.851D-06
  275  349     1     0  con    1  4.5D-01  1.3D+00  2.970D-06  3.851D-06
  276  351     1     0  con    1  4.0D-01  3.8D-01  1.749D-06  3.851D-06
  277  353     1     0  con    1  2.3D-01  1.2D+00  1.511D-06  3.851D-06
  278  355     1     0  con    1  2.1D-01  7.0D-01  3.944D-06  3.851D-06
  279  356     1     0  con    0  1.0D+00  5.7D-01  3.261D-06  3.851D-06
  280  357     1     0  con    0  1.0D+00  4.2D-01  3.060D-06  3.851D-06
  281  358     1     0  con    0  1.0D+00  1.3D+00  5.623D-07  3.851D-06
  282  360     1     0  con    1  2.0D-01  5.5D-01  2.501D-06  3.851D-06
  283  361     1     0  con    0  1.0D+00  1.4D+00  4.517D-06  3.851D-06
  284  362     1     0  con    0  1.0D+00  6.0D-01  1.668D-06  3.851D-06
  285  364     1     0  con    1  3.5D-01  8.6D-01  2.597D-06  3.851D-06
  286  366     1     0  con    1  5.1D-01  1.6D+00  5.045D-06  3.851D-06
  287  367     1     0  con    0  1.0D+00  1.6D+00  3.535D-06  3.851D-06
  288  368     1     0  con    0  1.0D+00  7.7D-01  2.057D-06  3.851D-06
  289  370     1     0  con    1  2.0D-01  9.5D-01  1.085D-06  3.851D-06
  290  372     1     0  con    1  4.3D-01  4.6D-01  2.333D-06  3.851D-06
  291  373     1     0  con    0  1.0D+00  3.5D-01  2.352D-06  3.851D-06
  292  375     1     0  con    1  2.5D-02  1.6D-02  2.760D-06  3.851D-06
  293  376     1     0  con    0  1.0D+00  7.4D-01  2.755D-06  3.851D-06
  294  379     1     0  bnd    2  2.8D-04  6.6D-02  1.383D-06  3.851D-06
  295  380     1     0  con    0  1.0D+00  2.1D+00  4.387D-06  3.851D-06
  296  381     1     0  con    0  1.0D+00  3.6D-01  2.817D-06  3.851D-06
  297  383     1     0  con    1  3.9D-01  9.5D-01  4.659D-06  3.851D-06
  298  384     1     0  con    0  1.0D+00  7.9D-01  9.600D-07  3.851D-06
  299  385     1     0  con    0  1.0D+00  7.4D-01  2.971D-06  3.851D-06
  300  386     1     0  con    0  1.0D+00  6.5D-03  2.301D-06  3.851D-06
  301  387     1     0  con    0  1.0D+00  9.2D-01  2.682D-06  3.851D-06
  302  388     1     0  con    0  1.0D+00  9.7D-01  2.305D-06  3.851D-06
  303  389     1     0  con    0  1.0D+00  1.1D+00  1.363D-06  3.851D-06
  304  390     1     0  con    0  1.0D+00  1.2D+00  3.326D-06  3.851D-06
  305  392     1     0  con    1  4.2D-01  5.3D-01  6.008D-08  3.851D-06
  306  393     1     0  con    0  1.0D+00  5.4D-01  1.159D-06  3.851D-06
  307  394     1     0  con    0  1.0D+00  1.3D+00  4.238D-06  3.851D-06
  308  395     1     0  con    0  1.0D+00  2.1D-02  2.140D-06  3.851D-06
  309  396     1     0  con    0  1.0D+00  1.3D+00  1.920D-06  3.851D-06
  310  397     1     0  con    0  1.0D+00  1.5D+00  3.056D-06  3.851D-06
  311  398     1     0  con    0  1.0D+00  1.5D+00  2.121D-06  3.851D-06
  312  400     1     0  con    1  1.6D-01  7.7D-01  1.121D-06  3.851D-06
  313  401     1     0  con    0  1.0D+00  7.1D-01  3.286D-06  3.851D-06
  314  402     1     0  con    0  1.0D+00  2.5D-01  1.929D-06  3.851D-06
  315  403     1     0  con    0  1.0D+00  6.2D-01  2.659D-06  3.851D-06
  316  404     1     0  con    0  1.0D+00  1.5D+00  3.364D-06  3.851D-06
  317  405     1     0  con    0  1.0D+00  2.4D-01  3.616D-07  3.851D-06
  318  406     1     0  con    0  1.0D+00  8.6D-01  2.028D-06  3.851D-06
  319  407     1     0  con    0  1.0D+00  4.8D-02  1.098D-06  3.851D-06
  320  408     1     0  con    0  1.0D+00  3.6D-01  3.284D-07  3.851D-06
  321  409     1     0  con    0  1.0D+00  6.9D-01  3.129D-07  3.851D-06
  322  413     1     0  bnd    3  1.3D-02  1.4D+00  2.728D-06  3.851D-06
  323  415     1     0  con    1  1.6D-01  1.4D+00  1.165D-06  3.851D-06
  324  417     1     0  con    1  5.0D-01  8.5D-01  3.577D-06  3.851D-06
  325  418     1     0  con    0  1.0D+00  4.1D-03  2.220D-07  3.851D-06
  326  419     1     0  con    0  1.0D+00  8.1D-01  2.857D-06  3.851D-06
  327  420     1     0  con    0  1.0D+00  4.6D-02  1.741D-06  3.851D-06
  328  421     1     0  con    0  1.0D+00  5.9D-01  1.779D-06  3.851D-06
  329  424     1     0  con    2  5.6D-03  1.5D-01  1.975D-06  3.851D-06
  330  425     1     0  con    0  1.0D+00  1.5D+00  3.721D-06  3.851D-06
  331  426     1     0  con    0  1.0D+00  9.8D-01  1.035D-06  3.851D-06
  332  428     1     0  con    1  4.3D-01  1.0D+00  2.758D-06  3.851D-06
  333  429     1     0  con    0  1.0D+00  1.4D+00  3.140D-06  3.851D-06
  334  430     1     0  con    0  1.0D+00  7.4D-01  3.376D-07  3.851D-06
  335  432     1     0  con    1  4.4D-01  1.1D+00  1.745D-06  3.851D-06
  336  434     1     0  con    1  4.4D-01  7.2D-01  2.753D-06  3.851D-06
  337  435     1     0  con    0  1.0D+00  9.8D-01  2.248D-06  3.851D-06
  338  436     1     0  con    0  1.0D+00  7.0D-01  1.190D-06  3.851D-06
  339  438     1     0  con    1  4.0D-01  9.9D-01  2.512D-06  3.851D-06
  340  439     1     0  con    0  1.0D+00  1.8D+00  2.662D-06  3.851D-06
  341  440     1     0  con    0  1.0D+00  1.2D+00  4.952D-07  3.851D-06
  342  441     1     0  con    0  1.0D+00  1.5D+00  4.046D-06  3.851D-06
  343  443     1     0  con    1  4.0D-01  2.6D-02  1.450D-06  3.851D-06
  344  444     1     0  con    0  1.0D+00  3.3D-01  5.831D-07  3.851D-06
  345  445     1     0  con    0  1.0D+00  1.8D+00  2.644D-06  3.851D-06
  346  446     1     0  con    0  1.0D+00  1.8D-01  4.401D-08  3.851D-06
  347  447     1     0  con    0  1.0D+00  1.7D+00  1.030D-06  3.851D-06
  348  449     1     0  con    1  2.3D-01  1.1D+00  2.743D-06  3.851D-06
  349  450     1     0  con    0  1.0D+00  2.3D+00  5.724D-06  3.851D-06
  350  451     1     0  con    0  1.0D+00  9.6D-01  1.057D-06  3.851D-06
  351  453     1     0  con    1  5.4D-01  1.7D+00  2.854D-06  3.851D-06
  352  454     1     0  con    0  1.0D+00  1.2D+00  3.775D-06  3.851D-06
  353  455     1     0  con    0  1.0D+00  1.1D+00  2.357D-06  3.851D-06
  354  457     1     0  con    1  3.4D-01  1.6D+00  3.954D-06  3.851D-06
  355  458     1     0  con    0  1.0D+00  4.5D+00  1.060D-06  3.851D-06
  356  460     1     0  con    1  1.5D-01  3.3D-01  1.465D-06  3.851D-06
  357  461     1     0  con    0  1.0D+00  1.4D-01  1.576D-06  3.851D-06
  358  463     1     0  con    1  5.1D-02  4.4D-01  1.696D-07  3.851D-06
  359  464     1     0  con    0  1.0D+00  2.6D-01  3.335D-07  3.851D-06
  360  465     1     0  con    0  1.0D+00  1.1D-01  3.072D-07  3.851D-06
  361  466     1     0  con    0  1.0D+00  6.7D-02  4.089D-07  3.851D-06
  362  467     1     0  con    0  1.0D+00  1.1D+00  3.514D-07  3.851D-06
  363  471     1     0  bnd    3  6.4D-03  9.0D-01  1.945D-06  3.851D-06
  364  472     1     0  con    0  1.0D+00  3.6D+00  1.176D-05  3.851D-06
  365  473     1     0  con    0  1.0D+00  6.8D-01  8.593D-06  3.851D-06
  366  474     1     0  con    0  1.0D+00  1.9D+00  3.268D-07  3.851D-06
  367  476     1     0  con    1  5.0D-01  2.1D+00  9.411D-06  3.851D-06
  368  477     1     0  con    0  1.0D+00  3.5D-01  2.961D-06  3.851D-06
  369  478     1     0  con    0  1.0D+00  7.5D-01  2.547D-06  3.851D-06
  370  479     1     0  con    0  1.0D+00  2.6D-01  2.575D-06  3.851D-06
  371  482     1     0  bnd    2  5.0D-04  1.3D-01  2.101D-06  3.851D-06
  372  483     1     0  con    0  1.0D+00  9.3D-01  1.024D-07  3.851D-06
  373  485     1     0  con    1  4.1D-01  1.4D+00  3.194D-06  3.851D-06
  374  486     1     0  con    0  1.0D+00  1.2D+00  5.495D-06  3.851D-06
  375  487     1     0  con    0  1.0D+00  1.7D+00  6.414D-06  3.851D-06
  376  488     1     0  con    0  1.0D+00  8.7D-01  2.121D-06  3.851D-06
  377  490     1     0  con    1  3.9D-01  1.4D+00  3.675D-06  3.851D-06
  378  492     1     0  con    1  4.0D-01  1.5D+00  4.891D-06  3.851D-06
  379  493     1     0  con    0  1.0D+00  2.4D+00  4.968D-06  3.851D-06
  380  494     1     0  con    0  1.0D+00  1.4D+00  5.175D-07  3.851D-06
  381  496     1     0  con    1  2.5D-01  1.3D+00  2.131D-06  3.851D-06
  382  498     1     0  con    1  4.8D-01  9.1D-01  3.446D-06  3.851D-06
  383  499     1     0  con    0  1.0D+00  9.0D-01  3.217D-06  3.851D-06
  384  500     1     0  con    0  1.0D+00  8.1D-01  9.275D-07  3.851D-06
  385  501     1     0  con    0  1.0D+00  1.5D+00  2.940D-06  3.851D-06
  386  502     1     0  con    0  1.0D+00  1.0D+00  1.782D-06  3.851D-06
  387  503     1     0  con    0  1.0D+00  1.1D+00  1.345D-06  3.851D-06
  388  504     1     0  con    0  1.0D+00  1.6D+00  6.606D-07  3.851D-06
  389  505     1     0  con    0  1.0D+00  1.9D+00  4.547D-06  3.851D-06
  390  507     1     0  con    1  1.7D-01  6.2D-02  5.579D-07  3.851D-06
  391  509     1     0  con    1  5.0D+00  9.2D-01  8.837D-07  3.851D-06
  392  511     1     0  con    1  4.7D-01  2.0D+00  1.332D-06  3.851D-06
  393  513     1     0  con    1  4.4D-01  7.3D-01  1.551D-06  3.851D-06
  394  515     1     0  con    1  4.7D-01  1.7D+00  3.746D-06  3.851D-06
  395  517     1     0  con    1  5.0D-01  1.7D+00  6.076D-06  3.851D-06
  396  518     1     0  con    0  1.0D+00  1.3D+00  2.412D-06  3.851D-06
  397  520     1     0  con    1  5.0D-01  1.3D+00  5.056D-06  3.851D-06
  398  521     1     0  con    0  1.0D+00  2.0D+00  5.817D-06  3.851D-06
  399  522     1     0  con    0  1.0D+00  1.2D+00  1.527D-06  3.851D-06
  400  524     1     0  con    1  3.1D-01  1.8D+00  4.553D-06  3.851D-06
  401  525     1     0  con    0  1.0D+00  3.2D+00  9.862D-06  3.851D-06
  402  526     1     0  con    0  1.0D+00  1.6D-01  9.373D-07  3.851D-06
  403  527     1     0  con    0  1.0D+00  2.0D+00  3.052D-06  3.851D-06
  404  529     1     0  con    1  3.3D-01  1.7D+00  5.747D-06  3.851D-06
  405  530     1     0  con    0  1.0D+00  1.7D+00  5.826D-06  3.851D-06
  406  532     1     0  con    1  3.7D-02  1.6D-01  6.148D-06  3.851D-06
  407  533     1     0  con    0  1.0D+00  2.0D+00  4.800D-07  3.851D-06
  408  535     1     0  con    1  3.2D-01  1.7D+00  4.101D-06  3.851D-06
  409  537     1     0  con    1  3.6D-01  1.3D+00  5.876D-06  3.851D-06
  410  538     1     0  con    0  1.0D+00  2.4D+00  6.663D-06  3.851D-06
  411  539     1     0  con    0  1.0D+00  1.4D+00  9.434D-07  3.851D-06
  412  541     1     0  con    1  5.2D-01  2.3D+00  5.092D-06  3.851D-06
  413  542     1     0  con    0  1.0D+00  2.6D+00  8.764D-06  3.851D-06
  414  543     1     0  con    0  1.0D+00  1.3D+00  2.199D-06  3.851D-06
  415  544     1     0  con    0  1.0D+00  2.6D+00  5.735D-06  3.851D-06
  416  545     1     0  con    0  1.0D+00  2.5D+00  6.185D-06  3.851D-06
  417  546     1     0  con    0  1.0D+00  2.5D+00  2.330D-06  3.851D-06
  418  548     1     0  con    1  2.1D-01  2.0D+00  2.079D-06  3.851D-06
  419  550     1     0  con    1  4.0D-01  1.5D+00  5.194D-06  3.851D-06
  420  551     1     0  con    0  1.0D+00  1.2D+00  5.742D-06  3.851D-06
  421  552     1     0  con    0  1.0D+00  2.8D+00  4.620D-06  3.851D-06
  422  553     1     0  con    0  1.0D+00  3.3D+00  6.883D-06  3.851D-06
  423  554     1     0  con    0  1.0D+00  4.9D+00  3.457D-06  3.851D-06
  424  556     1     0  con    1  1.3D-01  2.3D+00  5.050D-06  3.851D-06
  425  557     1     0  con    0  1.0D+00  1.4D+00  6.038D-06  3.851D-06
  426  558     1     0  con    0  1.0D+00  1.4D+00  9.401D-07  3.851D-06
  427  559     1     0  con    0  1.0D+00  1.2D+00  1.985D-06  3.851D-06
  428  561     1     0  con    1  3.8D-01  1.6D+00  3.174D-06  3.851D-06
  429  562     1     0  con    0  1.0D+00  3.1D+00  6.410D-06  3.851D-06
  430  563     1     0  con    0  1.0D+00  9.0D-01  1.794D-06  3.851D-06
  431  565     1     0  con    1  3.5D-01  2.9D+00  4.905D-06  3.851D-06
  432  566     1     0  con    0  1.0D+00  3.8D+00  8.263D-06  3.851D-06
  433  567     1     0  con    0  1.0D+00  7.5D-01  7.183D-06  3.851D-06
  434  568     1     0  con    0  1.0D+00  2.3D+00  4.436D-06  3.851D-06
  435  570     1     0  con    1  4.6D-01  9.0D-01  2.046D-06  3.851D-06
  436  571     1     0  con    0  1.0D+00  3.2D-02  1.634D-06  3.851D-06
  437  572     1     0  con    0  1.0D+00  2.0D+00  3.273D-06  3.851D-06
  438  573     1     0  con    0  1.0D+00  2.3D+00  5.850D-06  3.851D-06
  439  574     1     0  con    0  1.0D+00  1.4D-01  1.578D-06  3.851D-06
  440  576     1     0  con    1  4.6D-01  2.2D+00  3.036D-06  3.851D-06
  441  577     1     0  con    0  1.0D+00  2.2D+00  4.401D-06  3.851D-06
  442  578     1     0  con    0  1.0D+00  4.2D+00  5.281D-06  3.851D-06
  443  580     1     0  con    1  3.0D-01  6.2D-01  1.964D-06  3.851D-06
  444  582     1     0  con    1  1.9D-01  1.3D+00  4.443D-06  3.851D-06
  445  583     1     0  con    0  1.0D+00  3.4D-01  1.238D-06  3.851D-06
  446  585     1     0  con    1  4.4D-01  2.4D+00  3.538D-06  3.851D-06
  447  587     1     0  con    1  5.1D-01  2.9D+00  7.294D-06  3.851D-06
  448  588     1     0  con    0  1.0D+00  4.2D+00  1.151D-05  3.851D-06
  449  589     1     0  con    0  1.0D+00  4.5D-01  2.359D-06  3.851D-06
  450  592     1     0  con    2  6.5D-01  4.8D+00  6.499D-06  3.851D-06
  451  594     1     0  con    1  1.5D-01  1.2D+00  9.049D-06  3.851D-06
  452  595     1     0  con    0  1.0D+00  8.1D-01  3.941D-06  3.851D-06
  453  596     1     0  con    0  1.0D+00  6.4D-01  1.831D-06  3.851D-06
  454  598     1     0  ---    1  2.8D-02  5.2D-08  2.521D-08  3.851D-06
  455  607     1     0  con    8  8.7D+04  7.0D-05  1.663D-08  3.851D-06
  456  608     1     0  con    0  1.0D+00  1.8D-04  3.829D-09  3.851D-06
  457  609     1     0  con    0  1.0D+00  6.5D-05  4.111D-09  3.851D-06
  458  610     1     0  con    0  1.0D+00  3.9D-04  3.993D-09  3.851D-06
  459  611     1     0  con    0  1.0D+00  2.2D-04  2.000D-09  3.851D-06
  460  612     1     0  con    0  1.0D+00  2.2D-05  1.261D-10  3.851D-06
  461  613     1     0  con    0  1.0D+00  3.2D-06  1.121D-10  3.851D-06
  462  614     1     0  con    0  1.0D+00  7.9D-06  1.121D-10  3.851D-06
  463  615     1     0  con    0  1.0D+00  2.2D-05  1.121D-10  3.851D-06
  464  616     1     0  con    0  1.0D+00  3.7D-05  1.890D-10  3.851D-06
  465  618     1     0  con    1  6.9D-03  8.5D-07  5.065D-08  3.851D-06
  466  619     1     0  con    0  1.0D+00  9.6D-05  3.126D-08  3.851D-06
  467  620     1     0  con    0  1.0D+00  1.4D-04  1.729D-08  3.851D-06
  468  621     1     0  con    0  1.0D+00  8.3D-04  3.237D-08  3.851D-06
  469  622     1     0  con    0  1.0D+00  1.8D-03  9.578D-08  3.851D-06
  470  623     1     0  con    0  1.0D+00  5.4D-03  2.085D-07  3.851D-06
  471  624     1     0  con    0  1.0D+00  1.4D-02  3.837D-07  3.851D-06
  472  625     1     0  con    0  1.0D+00  3.7D-02  6.677D-07  3.851D-06
  473  626     1     0  con    0  1.0D+00  9.5D-02  1.112D-06  3.850D-06
  474  627     1     0  con    0  1.0D+00  2.4D-01  1.781D-06  3.850D-06
  475  628     1     0  con    0  1.0D+00  5.8D-01  2.679D-06  3.850D-06
  476  629     1     0  con    0  1.0D+00  1.2D+00  3.819D-06  3.850D-06
  477  631     1     0  con    1  9.0D-03  1.8D-02  2.842D-06  3.850D-06
  478  632     1     0  con    0  1.0D+00  1.8D+00  8.317D-07  3.850D-06
  479  633     1     0  con    0  1.0D+00  1.4D+00  2.210D-06  3.850D-06
  480  634     1     0  con    0  1.0D+00  1.8D-01  1.044D-06  3.850D-06
  481  635     1     0  con    0  1.0D+00  2.2D-01  1.330D-07  3.850D-06
  482  636     1     0  con    0  1.0D+00  7.2D-02  6.771D-08  3.850D-06
  483  637     1     0  con    0  1.0D+00  3.0D-02  9.853D-08  3.850D-06
  484  638     1     0  con    0  1.0D+00  8.1D-02  2.661D-07  3.850D-06
  485  639     1     0  con    0  1.0D+00  1.1D-01  4.944D-07  3.850D-06
  486  640     1     0  con    0  1.0D+00  1.6D-01  8.669D-07  3.850D-06
  487  641     1     0  con    0  1.0D+00  1.9D-01  1.376D-06  3.850D-06
  488  642     1     0  con    0  1.0D+00  1.2D-01  2.533D-06  3.850D-06
  489  644     1     0  con    1  1.3D-01  1.7D-02  1.051D-05  3.850D-06
  490  645     1     0  con    0  1.0D+00  2.6D-01  3.868D-06  3.850D-06
  491  646     1     0  con    0  1.0D+00  7.6D-01  1.908D-06  3.850D-06
  492  647     1     0  con    0  1.0D+00  4.4D-01  1.472D-06  3.850D-06
  493  648     1     0  con    0  1.0D+00  1.1D-01  8.514D-08  3.850D-06
  494  649     1     0  con    0  1.0D+00  1.9D-02  1.363D-07  3.850D-06
  495  650     1     0  con    0  1.0D+00  3.7D-03  4.315D-08  3.850D-06
  496  651     1     0  con    0  1.0D+00  9.5D-03  1.271D-07  3.850D-06
  497  652     1     0  con    0  1.0D+00  1.2D-02  3.521D-07  3.850D-06
  498  653     1     0  con    0  1.0D+00  1.4D-02  6.244D-07  3.850D-06
  499  654     1     0  con    0  1.0D+00  2.6D-02  1.129D-06  3.850D-06
  500  655     1     0  con    0  1.0D+00  4.3D-02  1.513D-06  3.850D-06
  501  657     1     0  con    1  5.8D-02  2.4D-04  3.657D-06  3.850D-06
  502  658     1     0  con    0  1.0D+00  7.7D-02  3.814D-06  3.850D-06
  503  659     1     0  con    0  1.0D+00  2.0D-01  3.783D-06  3.850D-06
  504  661     1     0  con    1  8.2D-04  6.2D-03  4.389D-06  3.850D-06
  505  662     1     0  con    0  1.0D+00  3.6D-01  4.294D-06  3.850D-06
  506  664     1     0  con    1  3.5D-01  3.8D-01  3.598D-06  3.850D-06
  507  665     1     0  con    0  1.0D+00  6.0D-01  3.329D-06  3.850D-06
  508  666     1     0  con    0  1.0D+00  1.6D+00  1.554D-06  3.850D-06
  509  667     1     0  con    0  1.0D+00  2.8D-01  2.651D-07  3.850D-06
  510  668     1     0  con    0  1.0D+00  3.6D-01  2.388D-08  3.850D-06
  511  669     1     0  con    0  1.0D+00  3.9D-02  2.346D-08  3.850D-06
  512  671     1     0  bnd    1  9.7D-06  6.3D-04  2.490D-07  3.850D-06
  513  672     1     0  con    0  1.0D+00  1.1D-01  2.660D-07  3.850D-06
  514  674     1     0  con    1  1.6D-03  8.9D-03  6.050D-08  3.850D-06
  515  675     1     0  con    0  1.0D+00  1.0D-01  3.870D-08  3.850D-06
  516  677     1     0  con    1  3.1D-02  3.5D-02  4.050D-08  3.850D-06
  517  679     1     0  con    1  1.5D-01  2.6D-01  2.443D-08  3.850D-06
  518  681     1     0  con    1  1.3D-01  8.7D-01  2.608D-08  3.850D-06
  519  682     1     0  con    0  1.0D+00  1.6D-01  8.016D-09  3.850D-06
  520  683     1     0  con    0  1.0D+00  1.4D-03  3.987D-11  3.850D-06
  521  684     1     0  con    0  1.0D+00  1.3D-05  4.356D-13  3.850D-06

CONVERGENCE: REL_REDUCTION_OF_F_<=_FACTR*EPSMCH             

 Total User time 0.000E+00 seconds.

RUNNING THE L-BFGS-B CODE

it    = iteration number
nf    = number of function evaluations
nseg  = number of segments explored during the Cauchy search
nact  = number of active bounds at the generalized Cauchy point
sub   = manner in which the subspace minimization terminated:
        con = converged, bnd = a bound was reached
itls  = number of iterations performed in the line search
stepl = step length used
tstep = norm of the displacement (total step)
projg = norm of the projected gradient
f     = function value

           * * *

Machine precision = 2.220D-16
 N =            7     M =           10

   it   nf  nseg  nact  sub  itls  stepl    tstep     projg        f
    0    1     -     -   -     -     -        -     1.087D-03  5.706D-04
    1    2     1     0  ---    0  1.0D+00  1.4D-03  1.085D-03  5.685D-04
    2    3     1     0  con    0  1.0D+00  5.7D-01  2.743D-04  8.784D-05
    3    4     1     0  con    0  1.0D+00  2.2D-01  8.062D-05  3.532D-05
    4    5     1     0  con    0  1.0D+00  1.3D-01  2.773D-05  2.449D-05
    5    6     1     0  con    0  1.0D+00  9.1D-02  3.759D-05  2.074D-05
    6    7     1     0  con    0  1.0D+00  2.8D-01  5.026D-05  1.311D-05
    7    8     1     0  con    0  1.0D+00  1.8D-01  1.904D-05  1.005D-05
    8    9     1     0  con    0  1.0D+00  7.7D-02  7.736D-06  8.834D-06
    9   10     1     0  con    0  1.0D+00  9.0D-02  1.205D-05  8.288D-06
   10   11     1     0  con    0  1.0D+00  7.0D-02  1.211D-05  7.983D-06
   11   12     1     0  con    0  1.0D+00  1.4D-01  9.979D-06  7.392D-06
   12   13     1     0  con    0  1.0D+00  4.4D-01  8.612D-06  6.027D-06
   13   14     1     0  con    0  1.0D+00  4.1D-01  1.851D-05  5.119D-06
   14   15     1     0  con    0  1.0D+00  2.6D-01  1.688D-05  4.363D-06
   15   16     1     0  con    0  1.0D+00  7.3D-01  1.799D-05  2.983D-06
   16   17     1     0  con    0  1.0D+00  4.7D-01  1.674D-05  2.360D-06
   17   18     1     0  con    0  1.0D+00  3.1D-01  1.612D-05  2.142D-06
   18   19     1     0  con    0  1.0D+00  8.9D-02  6.843D-06  2.045D-06
   19   20     1     0  con    0  1.0D+00  2.3D-01  9.680D-07  1.927D-06
   20   21     1     0  con    0  1.0D+00  3.4D-01  6.524D-06  1.884D-06
   21   22     1     0  con    0  1.0D+00  1.5D-01  2.490D-06  1.857D-06
   22   23     1     0  con    0  1.0D+00  2.1D-01  1.324D-06  1.842D-06
   23   24     1     0  con    0  1.0D+00  9.7D-02  1.085D-06  1.834D-06
   24   25     1     0  con    0  1.0D+00  7.7D-02  7.704D-07  1.830D-06
   25   26     1     0  con    0  1.0D+00  2.1D-02  8.457D-07  1.821D-06
   26   27     1     0  con    0  1.0D+00  7.8D-02  6.321D-07  1.793D-06
   27   28     1     0  con    0  1.0D+00  9.7D-02  9.982D-07  1.765D-06
   28   29     1     0  con    0  1.0D+00  2.1D-01  9.278D-07  1.733D-06
   29   30     1     0  con    0  1.0D+00  4.7D-02  8.547D-07  1.724D-06
   30   31     1     0  con    0  1.0D+00  2.4D-02  2.350D-07  1.722D-06
   31   32     1     0  con    0  1.0D+00  5.3D-03  2.534D-07  1.722D-06
   32   33     1     0  con    0  1.0D+00  1.2D-02  8.310D-07  1.721D-06
   33   34     1     0  con    0  1.0D+00  2.1D-02  6.941D-07  1.718D-06
   34   36     1     0  con    1  1.6D-01  2.1D-02  2.344D-06  1.717D-06
   35   37     1     0  con    0  1.0D+00  3.9D-02  1.455D-06  1.712D-06
   36   38     1     0  con    0  1.0D+00  5.0D-02  2.580D-07  1.708D-06
   37   39     1     0  con    0  1.0D+00  2.0D-02  3.080D-07  1.707D-06
   38   40     1     0  con    0  1.0D+00  6.9D-03  2.920D-07  1.707D-06
   39   41     1     0  con    0  1.0D+00  1.2D-03  2.863D-08  1.707D-06
   40   42     1     0  con    0  1.0D+00  2.7D-04  2.820D-08  1.707D-06
   41   43     1     0  con    0  1.0D+00  3.4D-03  7.993D-08  1.707D-06
   42   44     1     0  con    0  1.0D+00  8.5D-03  1.331D-07  1.707D-06
   43   45     1     0  con    0  1.0D+00  2.1D-02  3.707D-07  1.707D-06
   44   46     1     0  con    0  1.0D+00  4.1D-02  4.498D-07  1.706D-06
   45   48     1     0  con    1  3.7D-01  5.0D-02  8.268D-07  1.706D-06
   46   49     1     0  con    0  1.0D+00  1.0D-01  9.197D-07  1.705D-06
   47   50     1     0  con    0  1.0D+00  8.4D-02  9.021D-07  1.705D-06
   48   51     1     0  con    0  1.0D+00  3.6D-02  4.244D-07  1.704D-06
   49   52     1     0  con    0  1.0D+00  4.8D-02  2.334D-07  1.704D-06
   50   53     1     0  con    0  1.0D+00  5.2D-02  1.187D-07  1.704D-06
   51   54     1     0  con    0  1.0D+00  6.1D-02  1.068D-07  1.703D-06
   52   55     1     0  con    0  1.0D+00  2.3D-01  9.727D-07  1.702D-06
   53   56     1     0  con    0  1.0D+00  1.5D-01  1.417D-06  1.700D-06
   54   57     1     0  con    0  1.0D+00  1.7D-01  1.711D-06  1.694D-06
   55   60     1     0  con    2  3.5D-02  1.0D-01  1.988D-06  1.692D-06
   56   62     1     0  con    1  1.8D-01  1.9D-01  3.267D-06  1.685D-06
   57   63     1     0  con    0  1.0D+00  1.2D-01  2.427D-06  1.673D-06
   58   64     1     0  con    0  1.0D+00  1.9D-01  2.830D-06  1.666D-06
   59   65     1     0  con    0  1.0D+00  9.8D-02  2.703D-06  1.662D-06
   60   66     1     0  con    0  1.0D+00  1.3D-01  4.485D-06  1.655D-06
   61   67     1     0  con    0  1.0D+00  5.0D-02  1.190D-06  1.653D-06
   62   68     1     0  con    0  1.0D+00  3.3D-02  2.293D-07  1.650D-06
   63   69     1     0  con    0  1.0D+00  8.3D-02  2.077D-06  1.649D-06
   64   70     1     0  con    0  1.0D+00  1.0D-02  1.059D-06  1.647D-06
   65   71     1     0  con    0  1.0D+00  6.2D-02  4.036D-07  1.646D-06
   66   72     1     0  con    0  1.0D+00  3.9D-02  3.310D-07  1.645D-06
   67   73     1     0  con    0  1.0D+00  1.9D-01  1.049D-06  1.641D-06
   68   74     1     0  con    0  1.0D+00  6.3D-02  2.324D-06  1.634D-06
   69   76     1     0  con    1  4.5D-01  1.1D-01  7.435D-07  1.630D-06
   70   77     1     0  con    0  1.0D+00  1.1D-01  1.359D-06  1.626D-06
   71   78     1     0  con    0  1.0D+00  9.9D-02  1.203D-06  1.616D-06
   72   79     1     0  con    0  1.0D+00  1.1D-01  2.827D-06  1.610D-06
   73   81     1     0  con    1  1.4D-01  1.1D-01  1.596D-06  1.603D-06
   74   82     1     0  con    0  1.0D+00  7.5D-02  1.852D-06  1.600D-06
   75   83     1     0  con    0  1.0D+00  5.6D-02  2.776D-06  1.597D-06
   76   84     1     0  con    0  1.0D+00  3.2D-02  4.046D-07  1.594D-06
   77   85     1     0  con    0  1.0D+00  6.1D-02  9.123D-07  1.590D-06
   78   86     1     0  con    0  1.0D+00  4.6D-02  6.862D-07  1.588D-06
   79   88     1     0  con    1  1.7D-01  3.1D-02  1.237D-06  1.588D-06
   80   89     1     0  con    0  1.0D+00  2.7D-02  5.741D-07  1.587D-06
   81   90     1     0  con    0  1.0D+00  1.6D-02  4.552D-07  1.587D-06
   82   91     1     0  con    0  1.0D+00  1.3D-02  3.132D-07  1.587D-06
   83   92     1     0  con    0  1.0D+00  6.5D-02  3.739D-07  1.586D-06
   84   93     1     0  con    0  1.0D+00  8.0D-02  4.814D-07  1.584D-06
   85   94     1     0  con    0  1.0D+00  1.7D-01  1.883D-06  1.581D-06
   86   95     1     0  con    0  1.0D+00  1.6D-01  1.671D-06  1.579D-06
   87   97     1     0  con    1  2.1D-01  1.1D-01  1.472D-06  1.577D-06
   88   99     1     0  con    1  3.5D-01  9.4D-02  3.976D-06  1.574D-06
   89  101     1     0  con    1  5.2D-01  2.2D-02  1.503D-06  1.573D-06
   90  102     1     0  con    0  1.0D+00  8.3D-02  2.371D-06  1.572D-06
   91  103     1     0  con    0  1.0D+00  2.1D-01  5.414D-06  1.570D-06
   92  104     1     0  con    0  1.0D+00  3.0D-02  5.113D-07  1.568D-06
   93  105     1     0  con    0  1.0D+00  1.1D-01  1.202D-06  1.567D-06
   94  107     1     0  con    1  4.7D-01  1.5D-01  3.078D-06  1.565D-06
   95  108     1     0  con    0  1.0D+00  9.7D-02  1.677D-06  1.564D-06
   96  109     1     0  con    0  1.0D+00  1.7D-01  1.290D-06  1.562D-06
   97  110     1     0  con    0  1.0D+00  3.5D-01  4.408D-06  1.559D-06
   98  112     1     0  con    1  2.8D-01  7.2D-02  6.180D-07  1.557D-06
   99  113     1     0  con    0  1.0D+00  2.3D-01  3.569D-06  1.556D-06
  100  114     1     0  con    0  1.0D+00  1.3D-02  1.653D-06  1.556D-06
  101  115     1     0  con    0  1.0D+00  1.7D-01  1.582D-06  1.555D-06
  102  116     1     0  con    0  1.0D+00  1.6D-01  6.252D-07  1.554D-06
  103  118     1     0  con    1  3.8D-01  2.1D-01  2.967D-06  1.554D-06
  104  119     1     0  con    0  1.0D+00  3.2D-01  1.767D-06  1.552D-06
  105  120     1     0  con    0  1.0D+00  9.3D-03  2.680D-07  1.552D-06
  106  122     1     0  con    1  4.8D-01  6.8D-02  9.224D-07  1.552D-06
  107  123     1     0  con    0  1.0D+00  7.2D-02  1.177D-06  1.552D-06
  108  124     1     0  con    0  1.0D+00  9.6D-02  1.028D-06  1.552D-06
  109  126     1     0  con    1  4.3D-01  5.2D-02  1.615D-06  1.552D-06
  110  127     1     0  con    0  1.0D+00  4.0D-02  7.474D-07  1.552D-06
  111  128     1     0  con    0  1.0D+00  1.3D-01  4.213D-07  1.552D-06
  112  129     1     0  con    0  1.0D+00  3.3D-01  3.427D-06  1.551D-06
  113  130     1     0  con    0  1.0D+00  2.2D-02  1.406D-06  1.551D-06
  114  131     1     0  con    0  1.0D+00  1.1D-01  9.411D-07  1.551D-06
  115  132     1     0  con    0  1.0D+00  6.4D-03  9.803D-07  1.551D-06
  116  134     1     0  con    1  2.8D-01  2.9D-02  1.034D-06  1.551D-06
  117  135     1     0  con    0  1.0D+00  8.4D-02  1.858D-06  1.551D-06
  118  136     1     0  con    0  1.0D+00  6.7D-02  1.172D-06  1.551D-06
  119  138     1     0  con    1  3.7D-01  2.3D-01  2.924D-06  1.550D-06
  120  139     1     0  con    0  1.0D+00  4.1D-01  4.349D-06  1.549D-06
  121  140     1     0  con    0  1.0D+00  1.8D-01  7.083D-06  1.549D-06
  122  142     1     0  con    1  3.0D-01  1.9D-01  3.678D-06  1.548D-06
  123  145     1     0  bnd    2  3.6D-02  2.0D-01  1.021D-06  1.547D-06
  124  146     1     0  con    0  1.0D+00  1.5D-01  5.344D-06  1.547D-06
  125  147     1     0  con    0  1.0D+00  5.2D-02  2.795D-06  1.547D-06
  126  149     1     0  con    1  5.0D+00  1.6D-01  2.491D-06  1.546D-06
  127  150     1     0  con    0  1.0D+00  3.9D-01  5.368D-06  1.545D-06
  128  151     1     0  con    0  1.0D+00  1.2D-01  1.400D-06  1.545D-06
  129  152     1     0  con    0  1.0D+00  1.6D-01  2.171D-06  1.545D-06
  130  153     1     0  con    0  1.0D+00  6.7D-02  5.001D-07  1.545D-06
  131  154     1     0  con    0  1.0D+00  1.3D-02  6.180D-07  1.545D-06
  132  155     1     0  con    0  1.0D+00  3.4D-02  8.100D-07  1.545D-06
  133  156     1     0  con    0  1.0D+00  6.9D-02  1.023D-06  1.545D-06
  134  157     1     0  con    0  1.0D+00  1.2D-01  1.294D-06  1.545D-06
  135  158     1     0  con    0  1.0D+00  1.8D-01  1.837D-06  1.545D-06
  136  159     1     0  con    0  1.0D+00  3.5D-02  1.496D-07  1.545D-06
  137  160     1     0  con    0  1.0D+00  5.9D-02  5.595D-08  1.545D-06
  138  161     1     0  con    0  1.0D+00  9.5D-02  7.001D-08  1.544D-06
  139  164     1     0  con    2  1.6D-02  6.8D-02  5.970D-07  1.544D-06
  140  165     1     0  con    0  1.0D+00  5.3D-02  8.673D-08  1.544D-06
  141  166     1     0  con    0  1.0D+00  2.0D-01  2.573D-07  1.544D-06
  142  168     1     0  con    1  9.2D-02  1.3D-01  5.419D-07  1.544D-06
  143  169     1     0  con    0  1.0D+00  1.1D-01  1.311D-06  1.544D-06
  144  171     1     0  con    1  3.4D-01  1.4D-01  5.354D-07  1.544D-06
  145  172     1     0  con    0  1.0D+00  7.5D-02  1.292D-07  1.544D-06
  146  173     1     0  con    0  1.0D+00  5.2D-02  1.255D-07  1.544D-06
  147  175     1     0  con    1  3.8D-01  1.9D-01  1.040D-06  1.544D-06
  148  176     1     0  con    0  1.0D+00  1.3D-01  1.530D-07  1.544D-06
  149  177     1     0  con    0  1.0D+00  3.4D-01  2.235D-06  1.544D-06
  150  178     1     0  con    0  1.0D+00  3.7D-01  1.717D-06  1.543D-06
  151  180     1     0  con    1  3.1D-01  2.6D-01  1.870D-06  1.543D-06
  152  182     1     0  con    1  3.0D-01  5.8D-01  1.803D-06  1.542D-06
  153  184     1     0  con    1  3.8D-01  4.5D-02  2.124D-06  1.542D-06
  154  186     1     0  con    1  1.9D-01  2.2D-01  1.157D-06  1.542D-06
  155  187     1     0  con    0  1.0D+00  1.1D-01  2.010D-06  1.542D-06
  156  188     1     0  con    0  1.0D+00  1.5D-01  1.449D-06  1.542D-06
  157  190     1     0  con    1  3.9D-01  1.6D-01  3.361D-06  1.542D-06
  158  191     1     0  con    0  1.0D+00  1.7D-01  2.944D-06  1.542D-06
  159  192     1     0  con    0  1.0D+00  6.7D-01  6.157D-06  1.541D-06
  160  193     1     0  con    0  1.0D+00  4.2D-01  2.259D-06  1.541D-06
  161  195     1     0  con    1  3.5D-01  3.8D-01  1.506D-06  1.541D-06
  162  197     1     0  con    1  3.0D-01  2.1D-01  3.590D-06  1.541D-06
  163  198     1     0  con    0  1.0D+00  1.9D-01  3.808D-06  1.541D-06
  164  199     1     0  con    0  1.0D+00  2.1D-01  1.536D-06  1.541D-06
  165  200     1     0  con    0  1.0D+00  2.4D-01  3.601D-06  1.541D-06
  166  201     1     0  con    0  1.0D+00  2.1D-01  2.435D-06  1.541D-06
  167  202     1     0  con    0  1.0D+00  2.2D-01  2.125D-06  1.541D-06
  168  203     1     0  con    0  1.0D+00  3.5D-01  7.958D-07  1.540D-06
  169  205     1     0  con    1  3.2D-01  2.3D-01  2.417D-06  1.540D-06
  170  206     1     0  con    0  1.0D+00  6.0D-01  3.938D-06  1.540D-06
  171  207     1     0  con    0  1.0D+00  2.1D-01  9.632D-07  1.540D-06
  172  209     1     0  con    1  4.1D-01  3.7D-01  5.159D-07  1.540D-06
  173  211     1     0  con    1  1.7D-01  3.5D-01  2.843D-06  1.540D-06
  174  212     1     0  con    0  1.0D+00  3.6D-01  3.622D-06  1.540D-06
  175  213     1     0  con    0  1.0D+00  3.1D-01  3.121D-07  1.540D-06
  176  214     1     0  con    0  1.0D+00  3.9D-01  2.924D-06  1.540D-06
  177  215     1     0  con    0  1.0D+00  1.1D-01  6.886D-07  1.540D-06
  178  216     1     0  con    0  1.0D+00  5.9D-02  4.703D-07  1.540D-06
  179  217     1     0  con    0  1.0D+00  3.4D-01  8.330D-07  1.540D-06
  180  218     1     0  con    0  1.0D+00  4.1D-01  2.450D-06  1.540D-06
  181  219     1     0  con    0  1.0D+00  6.1D-02  7.131D-07  1.540D-06
  182  220     1     0  con    0  1.0D+00  1.8D-01  9.139D-07  1.540D-06
  183  221     1     0  con    0  1.0D+00  1.3D-01  1.395D-06  1.540D-06
  184  222     1     0  con    0  1.0D+00  1.7D-01  9.945D-07  1.540D-06
  185  223     1     0  con    0  1.0D+00  2.5D-01  1.200D-06  1.540D-06
  186  224     1     0  con    0  1.0D+00  2.9D-01  5.257D-07  1.540D-06
  187  226     1     0  con    1  4.6D-01  1.7D-01  5.489D-07  1.540D-06
  188  227     1     0  con    0  1.0D+00  7.1D-02  3.772D-07  1.540D-06
  189  228     1     0  con    0  1.0D+00  1.7D-02  2.993D-07  1.540D-06
  190  229     1     0  con    0  1.0D+00  5.2D-02  1.302D-07  1.540D-06
  191  230     1     0  con    0  1.0D+00  4.8D-02  2.289D-07  1.540D-06
  192  231     1     0  con    0  1.0D+00  3.9D-01  3.702D-06  1.540D-06
  193  232     1     0  con    0  1.0D+00  2.1D-01  5.642D-07  1.540D-06
  194  233     1     0  con    0  1.0D+00  1.2D-01  4.515D-07  1.540D-06
  195  235     1     0  con    1  4.5D-01  4.7D-01  1.803D-06  1.540D-06
  196  236     1     0  con    0  1.0D+00  3.8D-01  3.078D-06  1.540D-06
  197  237     1     0  con    0  1.0D+00  4.4D-01  3.171D-07  1.540D-06
  198  239     1     0  con    1  3.7D-01  4.1D-01  2.841D-06  1.540D-06
  199  241     1     0  con    1  5.2D-01  4.8D-01  4.698D-06  1.540D-06
  200  242     1     0  con    0  1.0D+00  7.8D-01  4.814D-06  1.539D-06
  201  245     1     0  con    2  2.9D-03  7.9D-02  5.246D-06  1.539D-06
  202  246     1     0  con    0  1.0D+00  3.7D-01  4.124D-06  1.539D-06
  203  248     1     0  con    1  3.4D-01  7.1D-01  1.462D-06  1.539D-06
  204  250     1     0  con    1  1.6D-01  3.7D-01  5.269D-06  1.539D-06
  205  251     1     0  con    0  1.0D+00  3.7D-01  6.716D-06  1.539D-06
  206  252     1     0  con    0  1.0D+00  4.0D-01  3.097D-06  1.539D-06
  207  253     1     0  con    0  1.0D+00  5.4D-01  6.341D-06  1.539D-06
  208  254     1     0  con    0  1.0D+00  3.4D-01  1.765D-06  1.539D-06
  209  255     1     0  con    0  1.0D+00  5.1D-01  3.718D-06  1.539D-06
  210  256     1     0  con    0  1.0D+00  4.5D-01  2.175D-06  1.539D-06
  211  257     1     0  con    0  1.0D+00  1.2D+00  1.206D-05  1.539D-06
  212  258     1     0  con    0  1.0D+00  5.8D-01  2.269D-06  1.538D-06
  213  260     1     0  con    1  3.3D-01  7.2D-01  8.035D-06  1.538D-06
  214  261     1     0  con    0  1.0D+00  1.1D+00  9.799D-06  1.538D-06
  215  262     1     0  con    0  1.0D+00  1.3D-01  4.913D-06  1.538D-06
  216  263     1     0  con    0  1.0D+00  5.1D-01  3.478D-06  1.538D-06
  217  264     1     0  con    0  1.0D+00  1.6D-01  4.315D-06  1.538D-06
  218  265     1     0  con    0  1.0D+00  4.1D-01  2.792D-06  1.538D-06
  219  266     1     0  con    0  1.0D+00  2.3D-01  3.018D-06  1.538D-06
  220  267     1     0  con    0  1.0D+00  5.1D-01  7.487D-07  1.538D-06
  221  268     1     0  con    0  1.0D+00  6.8D-02  6.177D-07  1.538D-06
  222  269     1     0  con    0  1.0D+00  3.0D-01  1.450D-06  1.538D-06
  223  270     1     0  con    0  1.0D+00  5.5D-01  2.227D-06  1.538D-06
  224  271     1     0  con    0  1.0D+00  8.3D-01  8.410D-06  1.538D-06
  225  272     1     0  con    0  1.0D+00  2.3D-01  1.467D-06  1.538D-06
  226  273     1     0  con    0  1.0D+00  5.7D-01  1.733D-06  1.537D-06
  227  274     1     0  con    0  1.0D+00  7.2D-01  6.335D-06  1.537D-06
  228  275     1     0  con    0  1.0D+00  8.7D-02  2.953D-06  1.537D-06
  229  276     1     0  con    0  1.0D+00  6.4D-01  1.688D-06  1.537D-06
  230  277     1     0  con    0  1.0D+00  6.8D-01  2.488D-06  1.537D-06
  231  278     1     0  con    0  1.0D+00  5.5D-01  7.926D-08  1.537D-06
  232  280     1     0  con    1  4.4D-01  4.7D-01  2.566D-06  1.537D-06
  233  281     1     0  con    0  1.0D+00  6.2D-01  2.855D-06  1.537D-06
  234  282     1     0  con    0  1.0D+00  1.1D+00  3.960D-06  1.537D-06
  235  283     1     0  con    0  1.0D+00  1.7D-01  2.329D-06  1.537D-06
  236  285     1     0  con    1  3.9D-01  8.8D-01  2.592D-06  1.537D-06
  237  286     1     0  con    0  1.0D+00  1.4D+00  1.096D-05  1.537D-06
  238  287     1     0  con    0  1.0D+00  2.8D-01  9.917D-07  1.537D-06
  239  288     1     0  con    0  1.0D+00  1.2D+00  6.255D-06  1.537D-06
  240  289     1     0  con    0  1.0D+00  3.1D-02  4.849D-08  1.537D-06
  241  290     1     0  con    0  1.0D+00  3.3D-01  1.835D-06  1.537D-06
  242  291     1     0  con    0  1.0D+00  2.4D-01  2.275D-06  1.537D-06
  243  293     1     0  con    1  2.9D-01  1.8D-01  3.658D-06  1.537D-06
  244  294     1     0  con    0  1.0D+00  2.3D-02  1.847D-06  1.537D-06
  245  295     1     0  con    0  1.0D+00  1.6D-01  9.914D-07  1.537D-06
  246  296     1     0  con    0  1.0D+00  5.6D-01  6.336D-07  1.537D-06
  247  298     1     0  con    1  3.2D-01  8.7D-01  3.510D-06  1.537D-06
  248  299     1     0  con    0  1.0D+00  1.4D+00  7.259D-06  1.537D-06
  249  301     1     0  con    1  3.7D-01  1.9D-01  2.178D-06  1.537D-06
  250  302     1     0  con    0  1.0D+00  2.0D-01  1.568D-06  1.537D-06
  251  303     1     0  con    0  1.0D+00  7.8D-01  1.923D-06  1.537D-06
  252  305     1     0  con    1  1.3D-01  6.3D-01  5.261D-06  1.537D-06
  253  306     1     0  con    0  1.0D+00  1.8D-01  1.966D-06  1.537D-06
  254  307     1     0  con    0  1.0D+00  1.3D+00  4.627D-06  1.537D-06
  255  308     1     0  con    0  1.0D+00  3.9D-01  1.215D-06  1.537D-06
  256  310     1     0  con    1  5.0D-01  7.7D-01  3.596D-06  1.537D-06
  257  311     1     0  con    0  1.0D+00  8.6D-01  4.198D-06  1.537D-06
  258  312     1     0  con    0  1.0D+00  4.5D-01  1.332D-06  1.537D-06
  259  314     1     0  con    1  3.3D-01  5.1D-01  3.102D-07  1.537D-06
  260  316     1     0  con    1  1.9D-01  5.5D-01  2.468D-06  1.537D-06
  261  317     1     0  con    0  1.0D+00  5.4D-01  3.860D-06  1.537D-06
  262  318     1     0  con    0  1.0D+00  1.4D-01  1.699D-06  1.537D-06
  263  319     1     0  con    0  1.0D+00  4.8D-01  1.735D-06  1.537D-06
  264  321     1     0  con    1  1.3D-01  9.1D-02  1.865D-06  1.537D-06
  265  322     1     0  con    0  1.0D+00  7.5D-01  2.045D-06  1.537D-06
  266  324     1     0  con    1  2.6D-01  3.6D-01  2.484D-06  1.537D-06
  267  325     1     0  con    0  1.0D+00  4.3D-01  1.911D-06  1.537D-06
  268  327     1     0  con    1  3.7D-01  6.0D-01  6.354D-07  1.537D-06
  269  328     1     0  con    0  1.0D+00  6.2D-01  3.150D-06  1.537D-06
  270  329     1     0  con    0  1.0D+00  4.1D-01  3.389D-06  1.537D-06
  271  331     1     0  con    1  3.1D-01  1.0D+00  6.989D-06  1.537D-06
  272  332     1     0  con    0  1.0D+00  2.8D-01  6.009D-06  1.537D-06
  273  333     1     0  con    0  1.0D+00  1.4D+00  8.709D-06  1.537D-06
  274  334     1     0  con    0  1.0D+00  5.8D-01  1.125D-06  1.537D-06
  275  337     1     0  con    2  2.3D+00  1.4D+00  4.569D-06  1.537D-06
  276  339     1     0  con    1  3.0D-01  1.0D+00  9.135D-06  1.537D-06
  277  340     1     0  con    0  1.0D+00  1.4D+00  1.046D-05  1.537D-06
  278  341     1     0  con    0  1.0D+00  1.7D+00  3.230D-06  1.537D-06
  279  342     1     0  con    0  1.0D+00  1.3D+00  1.062D-05  1.537D-06
  280  343     1     0  con    0  1.0D+00  1.6D+00  9.861D-06  1.537D-06
  281  344     1     0  con    0  1.0D+00  1.4D+00  1.707D-05  1.537D-06
  282  345     1     0  con    0  1.0D+00  1.8D+00  7.832D-07  1.536D-06
  283  346     1     0  con    0  1.0D+00  7.6D-01  7.345D-07  1.536D-06
  284  347     1     0  con    0  1.0D+00  6.7D-01  2.361D-06  1.536D-06
  285  348     1     0  con    0  1.0D+00  9.0D-02  1.912D-06  1.536D-06
  286  349     1     0  con    0  1.0D+00  5.3D-01  2.051D-06  1.536D-06
  287  351     1     0  con    1  1.5D-01  1.7D+00  9.605D-06  1.536D-06
  288  352     1     0  con    0  1.0D+00  4.1D-01  6.159D-07  1.536D-06
  289  353     1     0  con    0  1.0D+00  6.4D-01  1.270D-06  1.536D-06
  290  355     1     0  con    1  4.6D-01  1.0D+00  5.495D-06  1.536D-06
  291  356     1     0  con    0  1.0D+00  9.2D-01  6.625D-06  1.536D-06
  292  357     1     0  con    0  1.0D+00  1.1D+00  2.129D-06  1.536D-06
  293  359     1     0  con    1  4.3D-01  1.1D+00  5.978D-06  1.536D-06
  294  360     1     0  con    0  1.0D+00  1.5D+00  6.267D-06  1.536D-06
  295  362     1     0  con    1  6.0D-02  4.3D-01  8.267D-06  1.536D-06
  296  363     1     0  con    0  1.0D+00  5.4D-01  6.126D-06  1.536D-06
  297  364     1     0  con    0  1.0D+00  1.9D+00  5.807D-06  1.536D-06
  298  365     1     0  con    0  1.0D+00  9.0D-02  1.286D-06  1.536D-06
  299  366     1     0  con    0  1.0D+00  1.6D+00  1.874D-06  1.536D-06
  300  368     1     0  con    1  3.5D-01  8.3D-01  3.271D-06  1.536D-06
  301  369     1     0  con    0  1.0D+00  2.0D+00  5.004D-06  1.536D-06
  302  370     1     0  con    0  1.0D+00  4.5D-01  4.639D-06  1.536D-06
  303  371     1     0  con    0  1.0D+00  1.5D+00  2.753D-06  1.536D-06
  304  372     1     0  con    0  1.0D+00  2.2D-01  1.463D-06  1.536D-06
  305  374     1     0  con    1  5.1D-01  1.2D+00  3.860D-06  1.536D-06
  306  375     1     0  con    0  1.0D+00  9.8D-01  1.707D-06  1.536D-06
  307  377     1     0  con    1  4.7D-01  1.0D+00  1.966D-06  1.536D-06
  308  378     1     0  con    0  1.0D+00  1.6D+00  7.074D-06  1.536D-06
  309  379     1     0  con    0  1.0D+00  7.0D-01  1.532D-06  1.536D-06
  310  380     1     0  con    0  1.0D+00  2.4D+00  9.829D-06  1.536D-06
  311  381     1     0  con    0  1.0D+00  3.4D-01  2.387D-06  1.536D-06
  312  382     1     0  con    0  1.0D+00  2.4D+00  5.972D-06  1.536D-06
  313  383     1     0  con    0  1.0D+00  1.5D+00  8.997D-06  1.536D-06
  314  385     1     0  con    1  4.2D-01  1.1D-01  1.265D-06  1.536D-06
  315  386     1     0  con    0  1.0D+00  1.2D+00  2.232D-06  1.536D-06
  316  387     1     0  con    0  1.0D+00  1.3D+00  5.498D-06  1.536D-06
  317  388     1     0  con    0  1.0D+00  7.4D-02  1.817D-06  1.536D-06
  318  389     1     0  con    0  1.0D+00  2.6D-01  1.023D-07  1.536D-06
  319  390     1     0  con    0  1.0D+00  1.1D-01  2.881D-07  1.536D-06
  320  391     1     0  con    0  1.0D+00  2.1D-01  5.121D-07  1.536D-06
  321  392     1     0  con    0  1.0D+00  6.2D-01  1.249D-06  1.536D-06
  322  393     1     0  con    0  1.0D+00  7.6D-01  1.249D-06  1.536D-06
  323  398     1     0  con    4  3.7D-04  1.8D-01  1.134D-07  1.536D-06
  324  399     1     0  con    0  1.0D+00  1.2D+00  1.354D-06  1.536D-06
  325  400     1     0  con    0  1.0D+00  1.2D+00  1.812D-06  1.536D-06
  326  402     1     0  con    1  2.5D-01  7.4D-01  2.902D-06  1.536D-06
  327  403     1     0  con    0  1.0D+00  4.5D-01  1.979D-06  1.536D-06
  328  404     1     0  con    0  1.0D+00  3.0D-02  1.531D-06  1.536D-06
  329  406     1     0  con    1  5.0D-01  1.2D+00  1.809D-06  1.536D-06
  330  408     1     0  con    1  3.0D-01  8.2D-01  2.392D-07  1.536D-06
  331  409     1     0  con    0  1.0D+00  7.8D-01  2.417D-06  1.536D-06
  332  410     1     0  con    0  1.0D+00  2.9D-01  3.483D-07  1.536D-06
  333  411     1     0  con    0  1.0D+00  3.5D-01  5.009D-07  1.536D-06
  334  412     1     0  con    0  1.0D+00  8.6D-01  1.993D-06  1.536D-06
  335  413     1     0  con    0  1.0D+00  4.4D-02  4.537D-07  1.536D-06
  336  414     1     0  con    0  1.0D+00  5.7D-01  3.116D-07  1.536D-06
  337  415     1     0  con    0  1.0D+00  1.2D+00  1.185D-06  1.536D-06
  338  416     1     0  con    0  1.0D+00  6.7D-01  9.422D-07  1.536D-06
  339  418     1     0  con    1  4.8D-01  7.8D-01  6.141D-07  1.536D-06
  340  419     1     0  con    0  1.0D+00  1.0D+00  5.027D-07  1.536D-06
  341  422     1     0  con    2  3.9D-02  5.9D-01  8.247D-07  1.536D-06
  342  423     1     0  con    0  1.0D+00  6.5D-01  2.183D-06  1.536D-06
  343  424     1     0  con    0  1.0D+00  5.5D-01  3.912D-07  1.536D-06
  344  425     1     0  con    0  1.0D+00  3.6D-01  1.754D-06  1.536D-06
  345  426     1     0  con    0  1.0D+00  7.4D-01  7.330D-07  1.536D-06
  346  427     1     0  con    0  1.0D+00  7.3D-01  4.685D-06  1.536D-06
  347  428     1     0  con    0  1.0D+00  5.7D-01  4.084D-06  1.536D-06
  348  431     1     0  con    2  7.8D-02  1.8D+00  2.355D-06  1.536D-06
  349  433     1     0  con    1  3.9D-01  7.2D-01  5.424D-06  1.536D-06
  350  434     1     0  con    0  1.0D+00  2.2D-01  2.282D-06  1.536D-06
  351  435     1     0  con    0  1.0D+00  3.8D-01  3.044D-06  1.536D-06
  352  436     1     0  con    0  1.0D+00  1.9D+00  8.016D-06  1.536D-06
  353  437     1     0  con    0  1.0D+00  4.0D-01  1.009D-06  1.536D-06
  354  438     1     0  con    0  1.0D+00  7.0D-01  1.267D-06  1.536D-06
  355  440     1     0  con    1  2.5D-01  1.0D+00  3.324D-06  1.536D-06
  356  441     1     0  con    0  1.0D+00  1.5D+00  6.540D-06  1.536D-06
  357  442     1     0  con    0  1.0D+00  2.7D-02  5.520D-07  1.536D-06
  358  443     1     0  con    0  1.0D+00  7.6D-01  1.396D-06  1.536D-06
  359  445     1     0  con    1  4.0D-01  9.7D-01  3.307D-06  1.536D-06
  360  446     1     0  con    0  1.0D+00  7.7D-01  2.662D-06  1.536D-06
  361  447     1     0  con    0  1.0D+00  5.6D-01  9.826D-07  1.536D-06
  362  449     1     0  con    1  3.0D-01  7.3D-01  2.405D-06  1.536D-06
  363  450     1     0  con    0  1.0D+00  1.0D+00  2.044D-06  1.536D-06
  364  451     1     0  con    0  1.0D+00  4.4D-01  3.149D-07  1.536D-06
  365  453     1     0  con    1  4.8D-01  5.4D-01  6.784D-07  1.536D-06
  366  454     1     0  con    0  1.0D+00  8.4D-01  2.047D-06  1.536D-06
  367  455     1     0  con    0  1.0D+00  1.0D-01  4.057D-07  1.536D-06
  368  456     1     0  con    0  1.0D+00  2.9D-01  1.999D-07  1.536D-06
  369  457     1     0  con    0  1.0D+00  6.7D-01  5.588D-07  1.536D-06
  370  458     1     0  con    0  1.0D+00  6.4D-02  1.363D-07  1.536D-06
  371  459     1     0  con    0  1.0D+00  8.4D-02  1.991D-07  1.536D-06
  372  460     1     0  con    0  1.0D+00  3.1D-01  1.092D-07  1.536D-06
  373  461     1     0  con    0  1.0D+00  5.7D-02  2.095D-07  1.536D-06
  374  462     1     0  con    0  1.0D+00  5.1D-02  3.780D-07  1.536D-06
  375  463     1     0  con    0  1.0D+00  4.2D-02  3.812D-07  1.536D-06
  376  466     1     0  con    2  2.5D-03  9.0D-02  4.503D-07  1.536D-06
  377  467     1     0  con    0  1.0D+00  2.0D-01  3.241D-07  1.536D-06
  378  468     1     0  con    0  1.0D+00  3.1D-01  4.741D-08  1.536D-06
  379  469     1     0  con    0  1.0D+00  4.8D-01  9.603D-07  1.536D-06
  380  470     1     0  con    0  1.0D+00  1.9D-01  8.701D-07  1.536D-06
  381  472     1     0  con    1  2.1D-01  8.1D-01  8.968D-07  1.536D-06
  382  473     1     0  con    0  1.0D+00  6.8D-01  1.257D-07  1.536D-06
  383  475     1     0  con    1  2.2D-01  1.0D+00  2.035D-06  1.536D-06
  384  476     1     0  con    0  1.0D+00  7.7D-01  4.519D-06  1.536D-06
  385  477     1     0  con    0  1.0D+00  1.0D+00  7.184D-07  1.536D-06
  386  478     1     0  con    0  1.0D+00  1.9D+00  5.927D-06  1.536D-06
  387  479     1     0  con    0  1.0D+00  1.2D+00  8.676D-06  1.536D-06
  388  480     1     0  con    0  1.0D+00  1.2D+00  4.106D-06  1.536D-06
  389  481     1     0  con    0  1.0D+00  1.4D+00  2.860D-06  1.536D-06
  390  483     1     0  con    1  4.4D-01  5.7D-01  5.464D-06  1.536D-06
  391  484     1     0  con    0  1.0D+00  4.9D-01  5.746D-06  1.536D-06
  392  486     1     0  con    1  1.6D-01  1.2D+00  7.765D-06  1.536D-06
  393  487     1     0  con    0  1.0D+00  7.8D-01  3.925D-06  1.536D-06
  394  488     1     0  con    0  1.0D+00  2.6D+00  1.151D-05  1.536D-06
  395  489     1     0  con    0  1.0D+00  2.1D-01  5.721D-07  1.536D-06
  396  490     1     0  con    0  1.0D+00  2.2D+00  5.266D-06  1.536D-06
  397  492     1     0  con    1  4.6D-01  9.0D-01  7.409D-06  1.536D-06
  398  493     1     0  con    0  1.0D+00  1.6D+00  5.999D-06  1.536D-06
  399  494     1     0  con    0  1.0D+00  1.6D+00  3.246D-06  1.536D-06
  400  496     1     0  con    1  3.7D-01  1.3D+00  6.702D-06  1.536D-06
  401  498     1     0  con    1  5.2D-01  2.0D+00  6.793D-06  1.536D-06
  402  500     1     0  con    1  2.1D-02  5.7D-02  6.792D-06  1.536D-06
  403  502     1     0  con    1  2.1D-02  1.8D-02  6.841D-06  1.536D-06
  404  503     1     0  con    0  1.0D+00  3.9D+00  4.434D-06  1.536D-06
  405  504     1     0  con    0  1.0D+00  9.2D-01  6.925D-06  1.536D-06
  406  506     1     0  con    1  4.7D-01  8.1D-01  6.826D-07  1.536D-06
  407  507     1     0  con    0  1.0D+00  1.8D+00  8.627D-06  1.536D-06
  408  508     1     0  con    0  1.0D+00  2.6D-01  5.078D-06  1.536D-06
  409  509     1     0  con    0  1.0D+00  2.9D+00  8.687D-06  1.536D-06
  410  510     1     0  con    0  1.0D+00  1.4D+00  2.546D-06  1.536D-06
  411  512     1     0  con    1  2.8D-01  1.4D+00  6.266D-06  1.536D-06
  412  513     1     0  con    0  1.0D+00  2.8D+00  1.265D-05  1.536D-06
  413  514     1     0  con    0  1.0D+00  2.8D-01  1.097D-06  1.536D-06
  414  515     1     0  con    0  1.0D+00  2.3D+00  4.852D-06  1.536D-06
  415  517     1     0  con    1  3.3D-01  1.3D+00  7.971D-06  1.536D-06
  416  518     1     0  con    0  1.0D+00  1.6D+00  6.931D-06  1.536D-06
  417  519     1     0  con    0  1.0D+00  1.5D+00  2.798D-07  1.536D-06
  418  521     1     0  con    1  2.6D-01  1.5D+00  4.366D-06  1.536D-06
  419  523     1     0  con    1  4.4D-01  1.4D+00  7.621D-06  1.536D-06
  420  524     1     0  con    0  1.0D+00  1.1D+00  6.178D-06  1.536D-06
  421  525     1     0  con    0  1.0D+00  1.6D+00  1.414D-06  1.536D-06
  422  527     1     0  con    1  2.2D-01  1.0D+00  4.437D-06  1.536D-06
  423  528     1     0  con    0  1.0D+00  1.6D+00  5.826D-06  1.536D-06
  424  529     1     0  con    0  1.0D+00  1.1D+00  2.081D-06  1.536D-06
  425  531     1     0  con    1  5.0D-01  1.5D+00  4.752D-06  1.536D-06
  426  532     1     0  con    0  1.0D+00  1.6D+00  3.690D-06  1.536D-06
  427  533     1     0  con    0  1.0D+00  7.5D-01  1.598D-06  1.536D-06
  428  535     1     0  con    1  3.8D-01  1.2D+00  1.141D-06  1.536D-06
  429  537     1     0  con    1  3.5D-01  4.9D-01  2.030D-06  1.536D-06
  430  538     1     0  con    0  1.0D+00  1.7D-01  1.464D-06  1.536D-06
  431  539     1     0  con    0  1.0D+00  1.2D+00  1.558D-06  1.536D-06
  432  541     1     0  con    1  5.2D-01  1.7D+00  6.139D-06  1.536D-06
  433  543     1     0  con    1  5.0D-01  3.9D-01  2.910D-07  1.536D-06
  434  544     1     0  con    0  1.0D+00  1.9D+00  4.128D-06  1.536D-06
  435  545     1     0  con    0  1.0D+00  2.0D-01  1.972D-06  1.536D-06
  436  546     1     0  con    0  1.0D+00  2.1D+00  3.463D-06  1.536D-06
  437  547     1     0  con    0  1.0D+00  1.3D+00  2.364D-06  1.536D-06
  438  548     1     0  con    0  1.0D+00  1.3D+00  6.014D-07  1.536D-06
  439  550     1     0  con    1  1.4D-01  5.6D-01  2.110D-06  1.536D-06
  440  551     1     0  con    0  1.0D+00  1.4D+00  2.624D-06  1.536D-06
  441  552     1     0  con    0  1.0D+00  7.2D-02  1.834D-07  1.536D-06
  442  553     1     0  con    0  1.0D+00  7.1D-01  1.896D-07  1.536D-06
  443  554     1     0  con    0  1.0D+00  1.5D+00  2.415D-06  1.536D-06
  444  555     1     0  con    0  1.0D+00  3.6D-01  1.108D-07  1.536D-06
  445  556     1     0  con    0  1.0D+00  5.9D-01  1.184D-06  1.536D-06
  446  558     1     0  con    1  4.7D-01  1.7D+00  9.784D-07  1.536D-06
  447  559     1     0  con    0  1.0D+00  4.9D-01  7.892D-07  1.536D-06
  448  561     1     0  con    1  3.8D-01  1.3D+00  2.793D-06  1.536D-06
  449  562     1     0  con    0  1.0D+00  2.2D+00  2.257D-06  1.536D-06
  450  563     1     0  con    0  1.0D+00  3.4D+00  4.286D-06  1.536D-06
  451  565     1     0  con    1  3.8D-01  5.3D-01  4.934D-06  1.536D-06
  452  567     1     0  con    1  3.3D-01  2.8D+00  1.057D-06  1.536D-06
  453  570     1     0  con    2  6.9D-02  1.6D+00  7.416D-06  1.536D-06
  454  571     1     0  con    0  1.0D+00  1.3D+00  8.041D-06  1.536D-06
  455  573     1     0  con    1  1.3D-01  4.7D-01  9.256D-06  1.536D-06
  456  574     1     0  con    0  1.0D+00  6.9D-01  3.774D-06  1.536D-06
  457  576     1     0  con    1  2.6D-01  3.8D+00  1.431D-05  1.536D-06
  458  577     1     0  con    0  1.0D+00  6.2D+00  2.416D-05  1.536D-06
  459  579     1     0  con    1  2.6D-01  7.0D-01  2.136D-06  1.536D-06
  460  580     1     0  con    0  1.0D+00  8.8D-01  2.491D-06  1.536D-06
  461  581     1     0  con    0  1.0D+00  1.2D+00  3.048D-06  1.536D-06
  462  583     1     0  con    1  4.6D-01  1.8D+00  7.062D-06  1.536D-06
  463  585     1     0  con    1  5.3D-01  2.5D+00  1.275D-05  1.536D-06
  464  586     1     0  con    0  1.0D+00  1.8D+00  9.757D-06  1.536D-06
  465  587     1     0  con    0  1.0D+00  2.5D+00  3.368D-06  1.536D-06
  466  589     1     0  con    1  1.9D-01  1.6D+00  8.866D-06  1.536D-06
  467  591     1     0  con    1  3.7D-01  1.9D+00  1.103D-05  1.536D-06
  468  592     1     0  con    0  1.0D+00  3.4D+00  1.009D-05  1.536D-06
  469  593     1     0  con    0  1.0D+00  2.6D+00  2.506D-07  1.536D-06
  470  595     1     0  con    1  1.6D-01  2.5D+00  8.259D-06  1.536D-06
  471  596     1     0  con    0  1.0D+00  1.4D+00  7.464D-06  1.536D-06
  472  597     1     0  con    0  1.0D+00  4.5D+00  9.106D-06  1.536D-06
  473  598     1     0  con    0  1.0D+00  4.1D+00  1.042D-05  1.536D-06
  474  600     1     0  con    1  1.5D-01  3.4D+00  5.662D-06  1.536D-06
  475  601     1     0  con    0  1.0D+00  1.4D+00  5.295D-07  1.536D-06
  476  602     1     0  con    0  1.0D+00  2.7D+00  1.029D-05  1.536D-06
  477  603     1     0  con    0  1.0D+00  8.1D-01  9.758D-06  1.536D-06
  478  604     1     0  con    0  1.0D+00  1.9D+00  2.901D-06  1.536D-06
  479  606     1     0  con    1  3.1D-01  2.1D+00  2.271D-06  1.536D-06
  480  608     1     0  ---    1  2.0D-02  4.6D-08  4.830D-08  1.536D-06
  481  616     1     0  con    7  2.2D+04  2.3D-05  3.842D-08  1.536D-06
  482  617     1     0  con    0  1.0D+00  1.1D-04  9.313D-09  1.536D-06
  483  618     1     0  con    0  1.0D+00  2.9D-05  8.375D-09  1.536D-06
  484  619     1     0  con    0  1.0D+00  2.8D-04  9.581D-09  1.536D-06
  485  620     1     0  con    0  1.0D+00  1.8D-04  6.951D-09  1.536D-06
  486  621     1     0  con    0  1.0D+00  1.3D-04  1.269D-09  1.536D-06
  487  622     1     0  con    0  1.0D+00  1.6D-05  9.534D-10  1.536D-06
  488  623     1     0  con    0  1.0D+00  1.2D-05  3.281D-10  1.536D-06
  489  624     1     0  con    0  1.0D+00  5.3D-06  7.505D-11  1.536D-06
  490  625     1     0  con    0  1.0D+00  1.8D-06  7.511D-11  1.536D-06
  491  627     1     0  con    1  3.7D-03  6.0D-09  4.541D-09  1.536D-06

CONVERGENCE: REL_REDUCTION_OF_F_<=_FACTR*EPSMCH             

 Total User time 0.000E+00 seconds.

