QM Energy	FF Energy
     -2.6491e-05    -2.42947e-05
        -9.4e-05    -7.57013e-05
    -0.000716828    -0.000927332
    -0.000797756     -0.00099925
    -0.000563195    -0.000508457
    -0.000605734    -0.000521624
    -0.000151509    -0.000192799
     -0.00115689      -0.0011228
    -0.000766864    -0.000585357
    -0.000167294    -0.000137101
    -0.000199273    -0.000194449
      -4.275e-05    -6.83091e-05
    -0.000238806    -0.000244403
     -5.6404e-05    -5.19433e-05
     -0.00146159     -0.00171814
     -0.00219482     -0.00192094
    -0.000199796     -0.00024875
     -6.1144e-05     -7.5821e-05
    -0.000140629    -0.000250427
     -2.2029e-05    -3.73586e-05
    -0.000969655     -0.00118811
     -1.9423e-05    -1.73643e-05
     -0.00141758     -0.00118272
    -0.000524397    -0.000534196
     -0.00122757     -0.00123335
    -0.000225939    -0.000248063
     -7.3768e-05    -8.65159e-05
     -0.00219908     -0.00235927
     -3.8592e-05    -4.62041e-05
    -0.000269743    -0.000277238
    -0.000220486    -0.000229634
    -0.000344811    -0.000295074
     -0.00106573     -0.00152541
     -4.2173e-05    -5.20474e-05
       -0.004106     -0.00413449
    -0.000521628    -0.000489368
     -1.8171e-05    -2.35664e-05
     -3.4546e-05    -4.67448e-05
    -0.000199482    -0.000199494
    -0.000197332     -0.00017314
     -7.4228e-05    -9.32506e-05
    -0.000270034     -0.00026566
     -1.4009e-05    -2.96064e-05
     -5.7288e-05    -9.58055e-05
      -0.0001899    -0.000235003
     -0.00054032    -0.000489928
     -0.00174918     -0.00146893
      -0.0019434     -0.00217142
    -0.000543618    -0.000615919
     -0.00524257     -0.00540462
     -0.00188958      -0.0016278
    -0.000406743    -0.000353361
    -0.000235154    -0.000182033
     -0.00127154     -0.00130907
     -2.5844e-05     -2.3794e-05
     -2.2044e-05    -2.60176e-05
     -5.4161e-05    -5.27271e-05
    -0.000383401    -0.000316168
     -0.00111137    -0.000961744
     -9.1467e-05    -0.000129125
     -0.00180552      -0.0013486
    -0.000115122    -8.97169e-05
     -7.9722e-05    -5.51434e-05
    -0.000255771    -0.000243878
      -4.534e-05    -3.79779e-05
     -1.9945e-05    -2.70445e-05
    -0.000300963    -0.000348124
    -0.000122009     -0.00013068
     -4.2679e-05    -3.99783e-05
    -0.000325557    -0.000341074
    -0.000281661    -0.000330293
    -0.000538688    -0.000740446
    -0.000496746    -0.000455044
     -0.00132034     -0.00119992
     -0.00102082    -0.000813016
     -5.4926e-05    -6.40984e-05
     -0.00100695    -0.000777555
     -8.3541e-05    -9.72707e-05
     -9.0497e-05    -6.99377e-05
     -4.8493e-05    -6.32383e-05
    -0.000401419    -0.000369157
     -2.2928e-05    -1.63467e-05
    -0.000754694    -0.000536117
    -0.000527637    -0.000488087
    -0.000289222    -0.000253106
     -0.00198272      -0.0019105
    -0.000382575    -0.000392135
    -0.000269594    -0.000238055
     -0.00143526     -0.00125097
     -0.00147275     -0.00126845
    -0.000359018    -0.000330223
    -0.000287578    -0.000286126
     -3.3751e-05    -2.98935e-05
     -0.00152265     -0.00146419
     -4.4326e-05    -3.99808e-05
    -0.000381772    -0.000369574
     -0.00185238     -0.00148259
    -0.000226307    -0.000214934
    -0.000133344    -0.000118596
      -0.0002118    -0.000145765
     -0.00177604     -0.00150321
     -2.0786e-05    -1.62414e-05
     -0.00067362    -0.000512095
     -0.00141995     -0.00145803
    -0.000151987    -0.000200486
     -6.9466e-05    -7.80447e-05
    -0.000348829    -0.000323349
    -0.000114279    -0.000114014
     -2.4751e-05    -2.19228e-05
    -0.000360895    -0.000280538
       -0.001012    -0.000950516
     -0.00134345     -0.00150607
      -3.358e-05    -3.10167e-05
      -0.0011912     -0.00111735
     -3.3246e-05    -3.23169e-05
     -2.9751e-05    -2.77621e-05
     -0.00034063    -0.000276593
     -9.3569e-05    -0.000129398
     -3.3383e-05    -2.93738e-05
    -0.000436472    -0.000555175
    -0.000314803    -0.000300191
    -0.000101939    -0.000111389
     -1.9022e-05    -2.84231e-05
    -0.000110082    -0.000150026
    -0.000626035     -0.00056787
     -0.00132652     -0.00143524
     -0.00075442    -0.000638747
    -0.000276703    -0.000325236
    -0.000877414    -0.000957924
    -0.000412427    -0.000496982
     -2.7282e-05    -2.71431e-05
     -9.7143e-05    -8.59855e-05
     -0.00201776     -0.00170265
     -0.00026037    -0.000263616
    -0.000282146    -0.000222891
    -0.000359184    -0.000380529
    -0.000345198     -0.00036465
     -4.3802e-05    -3.51284e-05
    -0.000522327    -0.000439225
     -0.00179213      -0.0017327
     -6.3417e-05    -7.77596e-05
     -7.1774e-05     -5.5744e-05
     -3.1702e-05    -4.47957e-05
     -5.1665e-05    -6.04552e-05
     -0.00121657     -0.00123596
    -0.000717134    -0.000653853
     -0.00188221     -0.00222292
     -0.00241919     -0.00277596
     -8.2219e-05    -0.000114449
     -4.8065e-05    -4.02749e-05
    -0.000153263    -0.000213642
    -0.000253337    -0.000297405
      -2.233e-05    -2.91229e-05
     -6.3969e-05    -9.23026e-05
    -0.000945727    -0.000888465
    -0.000935003    -0.000866171
     -0.00165788     -0.00131611
     -0.00129296     -0.00123154
     -0.00119278    -0.000986491
    -0.000187744    -0.000164647
    -0.000487671    -0.000491615
     -7.3471e-05    -9.13842e-05
    -0.000256257    -0.000266163
    -0.000113124    -0.000151369
     -6.4907e-05    -6.10538e-05
    -0.000679581    -0.000679254
     -7.5942e-05    -0.000100043
     -8.9277e-05    -7.83941e-05
    -0.000317533    -0.000296924
    -0.000216946    -0.000181262
     -0.00012698    -0.000136841
     -5.2815e-05    -0.000107566
     -2.3642e-05    -2.87549e-05
    -0.000369303    -0.000339411
    -0.000991821    -0.000871413
    -0.000564724    -0.000616399
     -1.8636e-05    -2.23154e-05
      -0.0015025     -0.00161096
    -0.000308286    -0.000263494
     -0.00107666    -0.000958765
    -0.000305223    -0.000350253
     -0.00248316     -0.00219946
     -3.3811e-05    -3.71705e-05
     -0.00218469     -0.00189276
     -0.00248052     -0.00252072
    -0.000297303    -0.000284155
     -0.00010271     -0.00011162
    -0.000566407    -0.000636492
    -0.000824473    -0.000724928
     -1.9582e-05    -1.69687e-05
     -5.9508e-05    -6.24201e-05
     -5.1437e-05    -8.10536e-05
    -0.000142575    -0.000198072
      -4.646e-05    -7.07339e-05
    -0.000203881     -0.00023176
    -0.000347365    -0.000431847
     -4.6105e-05    -3.75298e-05
      -0.0020067     -0.00198755
     -0.00019766    -0.000204216
    -0.000147491     -0.00011405
    -0.000385915    -0.000318882
     -3.1931e-05    -2.52394e-05
     -0.00331979     -0.00357438
     -0.00274717     -0.00277104
     -4.1006e-05    -5.33228e-05
    -0.000104181    -9.57662e-05
     -0.00179532     -0.00131892
    -0.000114226    -0.000105684
    -0.000302605    -0.000277398
    -0.000250055    -0.000251127
     -2.9164e-05      -2.444e-05
     -1.1869e-05    -2.00483e-05
     -0.00134979     -0.00144798
    -0.000125662    -0.000135666
        -4.2e-05    -3.36137e-05
     -0.00203678     -0.00236067
      -0.0011341      -0.0012888
       -0.002182     -0.00200495
     -5.7029e-05    -6.13809e-05
     -3.6706e-05    -3.89652e-05
    -0.000598099    -0.000420878
    -0.000133452    -0.000112965
     -6.1944e-05    -8.43711e-05
     -7.9172e-05    -0.000100485
    -0.000166111    -0.000201291
     -0.00110211     -0.00091875
      -0.0011865      -0.0010974
     -1.2489e-05    -1.32251e-05
    -0.000119959    -0.000120643
    -0.000230685    -0.000263268
    -0.000205632    -0.000182835
    -0.000230076    -0.000212602
     -7.9498e-05      -8.152e-05
     -3.4768e-05     -3.9733e-05
     -0.00017607    -0.000174885
     -3.5423e-05    -4.11667e-05
    -0.000882062    -0.000674574
     -0.00172607     -0.00161599
     -0.00132548     -0.00140057
     -2.1245e-05      -2.668e-05
     -2.7216e-05     -2.2507e-05
    -0.000103045    -8.97008e-05
     -4.5383e-05    -3.85749e-05
     -0.00270816     -0.00254809
      -9.193e-06    -8.09137e-06
     -2.6792e-05    -2.35354e-05
     -0.00052789    -0.000403939
    -0.000262742    -0.000234357
    -0.000265899    -0.000259392
    -0.000117364    -0.000131432
     -2.8182e-05    -4.05055e-05
     -5.4948e-05    -4.64327e-05
    -0.000469554    -0.000357723
    -0.000651973    -0.000660373
     -0.00115348    -0.000929939
    -0.000140031    -0.000152829
    -0.000104293    -0.000115386
     -2.5578e-05    -3.62997e-05
     -7.6684e-05    -6.46424e-05
     -3.3936e-05    -3.68572e-05
    -0.000143605    -0.000172696
    -0.000234243    -0.000245942
     -6.2579e-05    -5.87869e-05
    -0.000554868    -0.000776083
     -3.1367e-05    -3.09532e-05
    -0.000760522     -0.00096372
    -0.000576887    -0.000543895
    -0.000364767    -0.000335358
    -0.000168674    -0.000158081
    -0.000535302       -0.000596
    -0.000150059     -0.00018804
    -0.000233713    -0.000270674
    -0.000149544    -0.000204462
     -9.1991e-05    -8.05236e-05
    -0.000714204    -0.000635629
     -0.00054801     -0.00049118
     -0.00145455     -0.00120687
    -0.000680618    -0.000632181
    -0.000127052    -0.000167916
     -3.1076e-05    -4.69578e-05
    -0.000705487    -0.000692909
     -1.2909e-05    -1.95534e-05
    -0.000228548    -0.000260185
     -0.00131242     -0.00135912
    -0.000610362    -0.000465008
    -0.000885158     -0.00106354
     -2.1321e-05    -3.18839e-05
    -0.000129815    -0.000109376
     -0.00108562    -0.000955002
     -7.8788e-05    -0.000106418
     -3.7454e-05    -4.53212e-05
     -0.00153511      -0.0015133
     -2.8477e-05    -3.61808e-05
    -0.000188952    -0.000250882
    -0.000102774    -0.000116585
     -0.00168223     -0.00136319
     -0.00266491     -0.00303585
    -0.000159769     -0.00017827
     -3.0382e-05    -3.59116e-05
    -0.000147033    -0.000127937
    -0.000598502    -0.000620961
      -5.893e-05    -8.39519e-05
     -1.6002e-05    -1.59752e-05
     -6.7362e-05    -6.65593e-05
     -0.00247599     -0.00284837
    -0.000195144    -0.000232312
    -0.000546214    -0.000510278
     -4.8013e-05    -8.10306e-05
    -0.000852522    -0.000936779
     -1.9727e-05    -2.06029e-05
    -0.000594168     -0.00050259
     -2.2141e-05    -1.99161e-05
    -0.000414556    -0.000477266
    -0.000229836    -0.000276029
     -5.2945e-05    -5.55171e-05
     -1.5196e-05    -1.95057e-05
    -0.000558394    -0.000471295
     -4.6651e-05    -9.23638e-05
     -2.3318e-05    -3.14009e-05
    -0.000892514     -0.00101392
    -0.000570545    -0.000450528
     -0.00033875    -0.000307553
     -0.00254392      -0.0025693
     -0.00182873     -0.00167352
     -2.7196e-05    -4.72843e-05
     -0.00126828     -0.00130096
     -1.8793e-05    -2.85216e-05
     -1.2989e-05    -1.98822e-05
      -3.276e-05     -6.2275e-05
     -9.4739e-05    -7.80386e-05
     -0.00156324     -0.00140093
     -0.00102187     -0.00103279
    -0.000752833    -0.000828935
     -0.00121909    -0.000975843
     -2.3905e-05    -3.86137e-05
    -0.000122992    -0.000134446
    -0.000263554    -0.000261226
     -1.4612e-05    -1.99773e-05
    -0.000591132    -0.000548067
    -0.000530284    -0.000478016
    -0.000905957    -0.000790135
    -0.000521036    -0.000456859
     -0.00149433      -0.0011675
    -0.000649129    -0.000512214
    -0.000429693    -0.000494651
     -0.00164182     -0.00150525
    -0.000901833    -0.000857305
    -0.000198666    -0.000263588
    -0.000281046    -0.000221555
    -0.000177246    -0.000198287
     -0.00145199     -0.00113865
    -0.000260548    -0.000287262
      -9.227e-05    -0.000151453
     -0.00110594     -0.00117438
    -0.000130837    -0.000149857
    -0.000232939    -0.000264324
    -0.000460557    -0.000520172
     -1.5641e-05    -2.13031e-05
       -1.84e-05    -1.70952e-05
      -6.781e-05    -6.98267e-05
    -0.000136346    -0.000130745
    -0.000137592    -0.000134841
     -0.00189753     -0.00254749
     -6.1924e-05    -5.21667e-05
    -0.000671055    -0.000561739
     -7.8531e-05    -9.70543e-05
     -4.3701e-05    -6.48951e-05
    -0.000151033    -0.000115953
    -0.000929434     -0.00100191
    -0.000109862    -8.89504e-05
     -0.00141767     -0.00158156
     -0.00149459     -0.00138525
     -0.00307241     -0.00292364
     -2.9461e-05    -4.07828e-05
     -4.2281e-05    -3.68953e-05
    -0.000270053    -0.000281266
     -0.00085205     -0.00096593
     -5.2794e-05    -4.87994e-05
    -0.000192738    -0.000211628
    -0.000135606     -0.00015894
    -0.000118495    -0.000102704
     -8.6953e-05    -0.000105751
     -5.7438e-05    -5.57778e-05
    -0.000673826    -0.000693349
    -0.000195931    -0.000236695
    -0.000619922    -0.000588156
     -3.3575e-05    -6.39855e-05
      -9.583e-05    -0.000112652
     -0.00188069     -0.00144488
    -0.000146937    -0.000116342
     -2.5095e-05    -2.21859e-05
     -0.00151199     -0.00120015
     -3.8256e-05    -3.27755e-05
    -0.000201557    -0.000179025
    -0.000508565    -0.000488956
       3.792e-06     1.85094e-05
       -5.58e-05    -7.70133e-05
      -8.023e-05    -8.40418e-05
    -0.000515776    -0.000467873
     -4.1669e-05    -5.42435e-05
    -0.000656544    -0.000798883
      -7.309e-05    -8.26737e-05
     -5.8725e-05    -9.51851e-05
    -0.000135798    -0.000147232
    -0.000237208    -0.000252924
     -6.1798e-05    -8.23402e-05
     -0.00180383     -0.00196712
    -0.000440449     -0.00051238
     -0.00146497     -0.00139877
    -0.000870714    -0.000931873
    -0.000719671    -0.000682826
     -0.00122777     -0.00110165
     -0.00030798    -0.000278101
     -5.2269e-05     -6.4684e-05
     -0.00173222     -0.00129653
     -0.00101318    -0.000942495
     -0.00255757     -0.00259488
     -4.6184e-05    -3.69581e-05
     -3.9408e-05    -3.38622e-05
    -0.000336509    -0.000311862
      -9.498e-05    -0.000105385
     -0.00134724     -0.00124268
    -0.000904356    -0.000840605
    -0.000134559    -0.000134995
    -0.000497428    -0.000429852
    -0.000310326    -0.000316214
    -0.000262772    -0.000255205
     -5.9442e-05    -5.46445e-05
     -0.00262319     -0.00249852
     -3.7515e-05    -4.53095e-05
     -2.5192e-05    -2.14895e-05
    -0.000223225    -0.000247564
     -0.00163707       -0.001679
     -0.00106647    -0.000920936
     -3.7429e-05    -4.01783e-05
      -1.897e-05    -1.80407e-05
     -3.7756e-05    -3.62776e-05
    -0.000986652    -0.000787355
     -2.0906e-05    -1.59946e-05
    -0.000112072    -0.000136454
     -0.00107147     -0.00116972
    -0.000495415    -0.000510584
      -0.0022198     -0.00197298
     -9.5407e-05    -0.000133668
     -0.00148855     -0.00109387
     -4.2291e-05    -3.77773e-05
     -1.8647e-05    -1.55859e-05
    -0.000466859    -0.000612214
     -0.00061299    -0.000602809
     -2.8726e-05    -4.35066e-05
     -0.00122865     -0.00152418
     -2.1416e-05    -2.08446e-05
    -0.000192893    -0.000253928
     -0.00133585     -0.00118728
     -5.3477e-05    -5.10021e-05
     -5.7434e-05     -5.1746e-05
     -0.00371606       -0.003877
    -0.000261627    -0.000248144
     -1.8477e-05    -2.57683e-05
     -0.00047291     -0.00045029
     -5.2411e-05    -8.15531e-05
    -0.000210485    -0.000215187
     -3.1333e-05      -3.557e-05
    -0.000335479    -0.000383161
    -0.000511808    -0.000414099
    -0.000813627     -0.00104626
      -6.092e-06    -2.10537e-05
     -0.00143908    -0.000983183
    -0.000267094    -0.000279661
    -0.000233438     -0.00029597
    -0.000296036     -0.00026213
    -0.000511678    -0.000650276
     -3.0567e-05    -4.80134e-05
     -1.9713e-05    -2.00239e-05
    -0.000234322    -0.000200853
    -0.000156961     -0.00017987
     -2.9767e-05    -3.79041e-05
    -0.000200303    -0.000231055
     -0.00031617    -0.000320272
    -0.000231598    -0.000205546
     -4.3954e-05    -5.37776e-05
     -2.8005e-05    -3.86994e-05
    -0.000496899     -0.00052163
    -0.000384816    -0.000333659
    -0.000146974    -0.000156555
    -0.000254171    -0.000302335
     -2.7876e-05    -2.48053e-05
     -0.00154252      -0.0017628
     -3.7478e-05    -5.68597e-05
     -7.3077e-05    -9.56095e-05
    -0.000134725    -0.000101401
    -0.000369406     -0.00036069
      -3.126e-05    -4.96817e-05
     -1.3896e-05     -1.2484e-05
    -0.000396399    -0.000303902
    -0.000648813    -0.000613416
    -0.000699263    -0.000768466
      -9.598e-06    -1.73789e-05
     -0.00057366    -0.000544199
      -3.831e-05     -4.7649e-05
    -0.000456376    -0.000540085
    -0.000101285    -0.000107805
     -0.00192373      -0.0017031
    -0.000539399    -0.000526154
     -4.3899e-05    -5.82958e-05
     -5.5504e-05    -5.61451e-05
    -0.000193243    -0.000187929
     -0.00185007     -0.00153177
    -0.000173654    -0.000217756
     -5.0163e-05    -5.75185e-05
     -3.3739e-05    -5.17078e-05
     -9.1427e-05    -0.000118004
     -3.7669e-05    -6.20908e-05
     -0.00105071    -0.000866189
       -2.47e-05    -3.00439e-05
     -8.9777e-05    -0.000121041
    -0.000162479    -0.000248782
    -0.000132097    -0.000124226
     -1.7744e-05    -1.61995e-05
    -0.000341413    -0.000300434
    -0.000318932    -0.000358855
     -0.00050952    -0.000510015
    -0.000146517    -0.000180271
    -0.000233349    -0.000190605
     -5.2395e-05    -8.21132e-05
     -3.2236e-05    -3.88639e-05
     -0.00012936    -0.000145789
     -7.1805e-05    -0.000117525
    -0.000365132     -0.00031312
    -0.000647336    -0.000616902
     -0.00031379    -0.000328407
     -6.5157e-05    -6.67712e-05
     -0.00121734     -0.00106214
    -0.000927683    -0.000772292
    -0.000439541    -0.000357689
     -5.1656e-05    -6.27731e-05
     -9.1435e-05    -7.02639e-05
     -2.4354e-05    -3.51283e-05
    -0.000565208    -0.000453674
     -3.5706e-05    -3.54678e-05
     -2.6242e-05    -3.35975e-05
    -0.000311614    -0.000280354
    -0.000144573    -0.000230421
    -0.000204468    -0.000234053
     -3.3971e-05    -3.49239e-05
     -0.00126871     -0.00099017
     -7.7894e-05    -5.69846e-05
     -0.00139847     -0.00115705
     -2.3943e-05    -3.43728e-05
      -0.0001656    -0.000126697
     -5.6811e-05     -5.7452e-05
     -2.0229e-05    -2.29779e-05
    -0.000418777    -0.000347461
     -8.0777e-05    -0.000132757
     -0.00137378     -0.00138697
     -4.2976e-05    -6.95567e-05
    -0.000299703    -0.000222617
      -9.956e-05    -7.39984e-05
    -0.000178703    -0.000226953
     -0.00147864     -0.00128523
    -0.000937188    -0.000799541
    -0.000233643    -0.000166089
    -0.000195973    -0.000166857
    -0.000851166    -0.000743717
     -8.6043e-05    -9.82865e-05
     -0.00148001     -0.00122394
    -0.000391986    -0.000374033
     -0.00195475     -0.00172584
    -0.000259224    -0.000338562
    -0.000795115    -0.000744079
     -2.1887e-05    -3.61242e-05
     -0.00204219     -0.00160389
    -0.000249116    -0.000248219
    -0.000141177    -0.000213465
     -4.3429e-05    -6.37718e-05
     -0.00241987     -0.00211858
    -0.000111602     -8.9452e-05
    -0.000472134    -0.000361605
    -0.000259189    -0.000267498
     -0.00172674     -0.00167863
    -0.000375184     -0.00035656
     -0.00205935     -0.00217396
    -0.000319733     -0.00043333
    -0.000370485     -0.00033724
     -3.5458e-05    -4.10668e-05
     -5.8529e-05    -6.15977e-05
    -0.000427115    -0.000479163
      -0.0028643     -0.00242115
      -9.586e-05    -0.000150523
     -6.2956e-05    -8.53379e-05
    -0.000409925    -0.000321237
    -0.000257184    -0.000257224
    -0.000162471    -0.000134131
    -0.000170649    -0.000211235
    -0.000130763    -0.000147159
    -0.000326769    -0.000283497
     -0.00186663     -0.00151504
     -0.00216051     -0.00207779
     -2.6386e-05    -3.65092e-05
     -6.7957e-05    -6.56267e-05
     -4.7428e-05    -4.87565e-05
     -6.7728e-05    -7.92589e-05
     -8.8517e-05    -8.47436e-05
    -0.000319875    -0.000281219
     -0.00246457     -0.00225088
      -0.0007989    -0.000726544
     -8.6439e-05    -9.94031e-05
     -1.6334e-05    -1.17714e-05
     -0.00165715      -0.0013249
     -0.00108438    -0.000861323
    -0.000396439    -0.000542344
     -3.9318e-05    -3.79003e-05
    -0.000372519    -0.000369505
     -1.2976e-05    -1.50767e-05
     -2.8021e-05    -3.79642e-05
    -0.000147909    -0.000126328
    -0.000642941    -0.000674299
    -0.000595132     -0.00072326
     -4.7449e-05    -4.80016e-05
     -3.2677e-05    -2.92893e-05
    -0.000435585    -0.000412454
      -3.096e-05    -4.29327e-05
     -4.2999e-05    -3.75881e-05
    -0.000595999    -0.000596042
     -1.9127e-05    -1.73272e-05
    -0.000102882    -0.000114344
     -2.8709e-05    -2.94592e-05
     -0.00190285     -0.00210163
    -0.000153987    -0.000142315
     -0.00221438     -0.00233099
    -0.000330774    -0.000279729
     -3.8108e-05    -5.06035e-05
     -9.1847e-05    -0.000170345
      -0.0021962     -0.00176265
     -0.00081019     -0.00072539
     -2.1702e-05    -3.88166e-05
    -0.000118969    -0.000131916
     -0.00103122     -0.00107896
     -3.1444e-05    -4.10348e-05
     -5.5226e-05    -5.18086e-05
     -2.4528e-05    -2.24607e-05
     -7.5215e-05    -7.27459e-05
     -0.00011274    -0.000170918
     -8.3573e-05     -0.00010281
    -0.000368554    -0.000383718
     -0.00237343     -0.00239479
    -0.000327499    -0.000309038
     -2.1607e-05    -2.44998e-05
     -4.8875e-05    -8.28158e-05
    -0.000300471    -0.000321192
      -3.668e-05    -3.56567e-05
     -0.00347554     -0.00356725
    -0.000626276     -0.00063028
     -0.00210964     -0.00264289
     -4.0314e-05    -7.92568e-05
    -0.000811281    -0.000766635
    -0.000277003    -0.000368651
    -0.000148299    -0.000152892
     -2.7515e-05    -1.92242e-05
    -0.000219406    -0.000220845
    -0.000240399    -0.000279819
    -0.000338886    -0.000350843
    -0.000954591    -0.000798383
     -3.2756e-05    -2.84497e-05
     -0.00150075     -0.00114832
     -0.00107862     -0.00101756
     -6.0705e-05    -7.09486e-05
     -2.1304e-05     -2.7079e-05
    -0.000315488    -0.000351513
    -0.000327633    -0.000264993
      -0.0029176     -0.00287753
    -0.000408431    -0.000438991
     -4.1506e-05    -3.62133e-05
     -3.3972e-05    -4.83458e-05
    -0.000147532    -0.000218382
     -4.7982e-05    -6.59377e-05
     -9.1219e-05    -0.000115687
    -0.000995542    -0.000854924
     -2.1828e-05    -4.80322e-05
     -2.8252e-05    -2.89426e-05
     -6.0603e-05    -5.51311e-05
     -0.00253951     -0.00229755
    -0.000120548    -0.000129682
    -0.000408773    -0.000518213
     -2.4765e-05    -3.17616e-05
     -3.9863e-05    -4.65855e-05
     -4.5072e-05    -5.26729e-05
     -8.9482e-05    -8.18474e-05
    -0.000193404    -0.000312779
    -0.000393788     -0.00032323
     -9.6144e-05    -0.000115813
     -1.9495e-05    -1.37002e-05
    -0.000549698     -0.00069425
    -0.000112342    -0.000107026
    -0.000225585    -0.000305984
    -0.000127377    -0.000154644
     -5.1046e-05    -8.94342e-05
     -6.1781e-05    -8.58922e-05
    -0.000804246    -0.000853277
      -2.306e-05    -1.89851e-05
      -2.956e-05     -2.6066e-05
     -5.0008e-05    -4.46211e-05
    -0.000130644    -0.000119617
    -0.000284608    -0.000343047
     -0.00022032    -0.000223353
    -0.000666187    -0.000559097
     -5.3139e-05    -4.43066e-05
     -0.00062669    -0.000726669
    -0.000232011    -0.000228781
     -9.2028e-05    -8.80885e-05
      -7.607e-05    -9.73591e-05
    -0.000759923    -0.000761375
     -0.00213229     -0.00185908
    -0.000600342    -0.000469002
     -4.9147e-05    -8.26286e-05
    -0.000126247    -9.52412e-05
     -2.5659e-05    -2.42239e-05
     -4.7335e-05    -5.42537e-05
    -0.000212748    -0.000277942
     -8.5634e-05    -0.000103557
     -9.6708e-05    -8.58762e-05
     -2.5163e-05    -4.27453e-05
     -0.00159949     -0.00152265
     -0.00105133     -0.00114835
     -0.00140147     -0.00106367
    -0.000262465    -0.000369306
     -0.00107534    -0.000991708
     -4.5697e-05    -6.83549e-05
    -0.000397866    -0.000466652
      -0.0003364     -0.00037809
     -0.00078043    -0.000596661
     -1.6985e-05    -2.36011e-05
    -0.000214599    -0.000183111
    -0.000124661    -0.000120065
    -0.000173292    -9.87321e-05
    -0.000237561    -0.000306072
     -0.00010861    -0.000125146
    -0.000110404    -9.43656e-05
    -0.000124519    -0.000124723
     -0.00222741     -0.00235197
      -2.803e-05    -2.24006e-05
     -0.00124795     -0.00108421
     -3.1481e-05    -3.25124e-05
     -0.00104641    -0.000818046
    -0.000585494    -0.000464545
     -0.00133736     -0.00133793
     -5.3897e-05     -4.8767e-05
    -0.000853405    -0.000696575
    -0.000265094    -0.000270098
     -0.00230174     -0.00186109
     -8.5363e-05    -8.60894e-05
     -0.00218005     -0.00190156
     -2.8575e-05    -3.63675e-05
    -0.000160654    -0.000195094
     -0.00174345     -0.00140163
    -0.000211597    -0.000255933
    -0.000755224    -0.000890573
    -0.000192848    -0.000270266
    -0.000543012    -0.000445163
    -0.000950366     -0.00089482
     -0.00186915      -0.0017234
    -0.000318251    -0.000268012
     -7.7353e-05    -6.96198e-05
     -0.00102913    -0.000892136
     -0.00110287    -0.000960791
    -0.000702802    -0.000599127
     -2.1709e-05    -3.27222e-05
     -3.2088e-05    -4.71858e-05
    -0.000403166    -0.000315434
     -0.00023201    -0.000212649
    -0.000248751    -0.000275397
     -9.9958e-05    -0.000101577
     -8.8628e-05    -0.000144119
     -0.00302311     -0.00233464
       -3.37e-05    -4.23358e-05
     -5.3445e-05    -6.23468e-05
     -2.5033e-05     -3.4059e-05
    -0.000805972    -0.000668722
    -0.000669931    -0.000624522
    -0.000149255    -0.000139023
     -1.9863e-05    -1.82668e-05
     -5.9521e-05    -5.03819e-05
     -0.00171775     -0.00154305
     -0.00316089     -0.00312926
    -0.000770357    -0.000604873
     -6.3566e-05    -0.000109934
     -2.0236e-05    -2.72858e-05
    -0.000398045    -0.000321427
    -0.000385717    -0.000459952
     -2.8239e-05    -2.91122e-05
    -0.000155141    -0.000116065
    -0.000425301    -0.000437638
     -0.00135807      -0.0011266
    -0.000218863    -0.000182351
    -0.000170304    -0.000172187
    -0.000569258    -0.000446284
      -4.766e-05    -5.28173e-05
     -0.00027923    -0.000326385
    -0.000199721    -0.000166425
     -3.2961e-05    -5.08365e-05
     -1.8014e-05    -2.06688e-05
    -0.000918001     -0.00111209
    -0.000120064    -0.000174411
     -0.00152917     -0.00157351
     -0.00361299      -0.0038004
     -0.00041785    -0.000381225
    -0.000149775    -0.000140394
    -0.000103515    -0.000132002
     -7.1416e-05    -5.93101e-05
     -3.9019e-05    -3.65254e-05
    -0.000430892    -0.000413536
    -0.000316136    -0.000265566
    -0.000101537    -0.000105859
    -0.000185996    -0.000180072
      -0.0025422     -0.00314759
     -2.4549e-05    -3.11001e-05
    -0.000525153     -0.00060732
     -0.00160225     -0.00139206
    -0.000475597    -0.000580891
    -0.000386241    -0.000404375
     -0.00118916      -0.0016514
     -0.00206561     -0.00161981
     -3.6486e-05    -5.11618e-05
     -8.7357e-05    -0.000108199
    -0.000170197    -0.000147888
      -0.0015887     -0.00143743
    -0.000135171    -0.000196187
     -3.0609e-05    -2.66135e-05
     -3.7015e-05    -3.44954e-05
    -0.000893875    -0.000616266
    -0.000705226    -0.000702769
    -0.000276245    -0.000471865
    -0.000837975     -0.00106033
    -0.000467634    -0.000435835
     -0.00094356    -0.000836693
    -0.000867662     -0.00106569
    -0.000713568    -0.000741661
     -4.8854e-05    -4.13519e-05
    -0.000191742    -0.000170739
    -0.000994395    -0.000866474
       -0.004852     -0.00546968
     -5.3986e-05    -4.77704e-05
     -3.9311e-05    -4.86278e-05
     -0.00157149     -0.00139776
     -5.3403e-05    -8.15508e-05
     -0.00137542     -0.00123221
     -1.9615e-05    -3.94817e-05
    -0.000101783    -8.90874e-05
    -0.000382866    -0.000343072
     -6.7132e-05    -0.000106075
     -5.6137e-05    -4.71291e-05
    -0.000801582     -0.00075126
     -4.4799e-05    -6.23666e-05
     -0.00054331    -0.000466096
      -6.873e-06     4.71493e-06
    -0.000347581    -0.000404186
    -0.000642023    -0.000573716
     -0.00223761     -0.00213082
      -4.131e-05    -3.52861e-05
     -0.00113536    -0.000844506
     -2.6389e-05    -5.04081e-05
     -6.1123e-05    -5.74323e-05
    -0.000217812    -0.000280657
    -0.000638259    -0.000594352
    -0.000947321    -0.000848057
     -2.7204e-05     -2.9319e-05
    -0.000226476    -0.000217526
    -0.000676498    -0.000501377
     -1.8849e-05    -1.75646e-05
     -7.7462e-05    -7.99245e-05
     -9.2962e-05    -8.87308e-05
     -0.00128038      -0.0016949
    -0.000145282     -0.00011233
     -6.0034e-05     -0.00010024
     -0.00013079    -0.000194139
     -3.6732e-05    -3.44974e-05
     -4.2406e-05     -4.0411e-05
    -0.000263437     -0.00024304
     -8.0381e-05    -8.37319e-05
    -0.000215953    -0.000225732
     -7.2094e-05    -0.000123977
     -0.00352551     -0.00316059
    -0.000360174    -0.000453691
     -0.00123936     -0.00112837
    -0.000614395    -0.000533316
    -0.000125931    -0.000154496
     -0.00167066     -0.00146451
      -0.0010621      -0.0012259
     -0.00101376    -0.000798814
     -3.2065e-05    -4.59835e-05
    -0.000476551    -0.000443613
     -0.00134775     -0.00109527
     -5.7025e-05    -4.85732e-05
    -0.000211132    -0.000204835
     -3.8727e-05    -3.67543e-05
     -0.00250891     -0.00439373
      -0.0011186     -0.00107358
     -2.7706e-05    -3.63746e-05
     -4.2506e-05    -6.72096e-05
     -4.5707e-05    -7.24194e-05
    -0.000129789    -9.75138e-05
     -7.3122e-05    -0.000125038
    -0.000330775    -0.000389619
    -0.000599483    -0.000651762
     -3.0157e-05    -5.31862e-05
    -0.000830626    -0.000710588
     -0.00224965      -0.0019133
     -2.0339e-05    -3.67891e-05
    -0.000586512    -0.000622434
    -0.000426721    -0.000376112
    -0.000143374    -0.000198508
     -0.00100033      -0.0010759
     -2.8842e-05    -2.26141e-05
    -0.000458409    -0.000442753
     -0.00123104      -0.0010135
     -2.7009e-05     -4.9733e-05
     -3.6919e-05    -3.21604e-05
    -0.000684204    -0.000532845
    -0.000736345    -0.000614799
     -3.8814e-05    -6.60558e-05
    -0.000627854    -0.000589444
     -0.00096976    -0.000876071
     -0.00020861     -0.00024529
    -0.000148159    -0.000108605
    -0.000325697    -0.000278637
     -4.4241e-05    -3.81755e-05
     -0.00025428    -0.000183074
     -6.6497e-05    -7.25155e-05
      -7.074e-05    -6.95388e-05
    -0.000595734    -0.000573257
    -0.000193782    -0.000169578
     -0.00198396     -0.00161424
    -0.000193398    -0.000181428
    -0.000142648    -0.000164097
    -0.000459973    -0.000445873
     -0.00104369    -0.000827474
     -0.00215539     -0.00206012
    -0.000100083    -0.000125926
     -0.00152641     -0.00122915
    -0.000251031    -0.000222294
     -0.00148104     -0.00134904
     -0.00144091     -0.00144543
     -0.00124673     -0.00123657
     -2.5136e-05     -3.3357e-05
     -0.00353426     -0.00445982
    -0.000482385     -0.00043805
    -0.000120012    -0.000163537
    -0.000130342     -0.00010286
    -0.000421652    -0.000411765
    -0.000293966    -0.000330864
      -0.0001011    -0.000164978
     -0.00222286     -0.00222385
     -4.5244e-05    -3.24329e-05
     -7.2915e-05    -5.80095e-05
    -0.000199639    -0.000256311
     -0.00152742      -0.0015418
     -8.4676e-05    -9.97478e-05
     -0.00108321    -0.000922494
     -0.00156346     -0.00134913
    -0.000375397    -0.000359805
     -3.0092e-05    -3.30785e-05
    -0.000384756    -0.000349681
    -0.000257187     -0.00026815
    -0.000151851    -0.000121579
     -5.1908e-05    -6.95696e-05
     -3.9288e-05    -7.32811e-05
    -0.000572572    -0.000673891
    -0.000565037    -0.000735034
    -0.000124349    -0.000120366
      -0.0013668     -0.00114009
     -0.00106584    -0.000877098
     -3.8513e-05    -4.87106e-05
     -0.00193986     -0.00144826
     -5.6746e-05    -5.37638e-05
    -0.000612637    -0.000650354
      -0.0026736     -0.00310472
     -8.3193e-05    -9.37555e-05
    -0.000701244    -0.000555235
     -0.00195085     -0.00168059
     -4.0595e-05    -6.61516e-05
    -0.000143439    -0.000123612
    -0.000547825    -0.000460064
     -0.00221362     -0.00229504
     -0.00240269     -0.00250375
      -8.663e-05    -0.000139909
     -3.7802e-05    -3.04501e-05
     -2.3406e-05    -2.52798e-05
     -2.5961e-05    -3.88821e-05
      -2.348e-05    -1.96012e-05
    -0.000200026    -0.000193605
    -0.000808171    -0.000727874
      -7.413e-05    -7.93776e-05
     -1.8509e-05    -2.02998e-05
    -0.000222145    -0.000200864
    -0.000264802    -0.000251144
     -0.00183416     -0.00226501
      -0.0029337     -0.00290856
    -0.000368894      -0.0004781
    -0.000571212    -0.000763799
     -0.00016483    -0.000153742
