QM Energy	FF Energy
     -0.00162499     -0.00162368
     -0.00199264     -0.00201722
     -0.00635245     -0.00686348
     -0.00732792     -0.00754825
     -0.00573243     -0.00557667
     -0.00589819     -0.00619678
     -0.00277109     -0.00273192
     -0.00807677     -0.00868015
     -0.00590768     -0.00612755
     -0.00286301     -0.00288287
     -0.00322065     -0.00293665
      -0.0015019     -0.00149013
     -0.00317621     -0.00319472
     -0.00317016      -0.0028968
     -0.00989892       -0.010369
      -0.0137577      -0.0140376
     -0.00313026     -0.00301507
     -0.00163627     -0.00147753
     -0.00326433     -0.00358675
     -0.00147723     -0.00148103
     -0.00705032     -0.00764376
     -0.00201825      -0.0019786
     -0.00837727     -0.00879026
     -0.00377989     -0.00375189
     -0.00845454     -0.00907649
     -0.00388394     -0.00404451
     -0.00350395     -0.00342293
      -0.0163967      -0.0167315
      -0.0016226      -0.0014653
     -0.00632528     -0.00604357
     -0.00253654     -0.00257788
      -0.0067148     -0.00649288
     -0.00837802     -0.00921681
     -0.00166955     -0.00166091
      -0.0254199      -0.0259063
     -0.00674892     -0.00661129
     -0.00132304     -0.00128344
     -0.00195239     -0.00190809
     -0.00285222     -0.00286976
     -0.00363721     -0.00344567
     -0.00170648     -0.00157119
     -0.00684333     -0.00643901
     -0.00117289     -0.00111832
     -0.00174245      -0.0017203
     -0.00329299     -0.00350709
     -0.00439386     -0.00456209
     -0.00811878     -0.00814514
      -0.0183726      -0.0180354
     -0.00639353     -0.00669006
      -0.0312263      -0.0319653
      -0.0164742      -0.0163626
     -0.00384063      -0.0039349
     -0.00386843     -0.00360463
     -0.00775381     -0.00827852
     -0.00204035     -0.00205849
      -0.0016155     -0.00147316
     -0.00230224     -0.00230584
     -0.00466946     -0.00478558
      -0.0106011      -0.0101616
     -0.00237087     -0.00250704
       -0.010283      -0.0105362
      -0.0031901     -0.00310889
      -0.0025527      -0.0024882
     -0.00554114     -0.00493627
     -0.00202494     -0.00196369
     -0.00107517     -0.00104753
     -0.00601388     -0.00568218
     -0.00313164     -0.00305428
      -0.0020878     -0.00199675
     -0.00522433     -0.00515381
     -0.00277612     -0.00276029
     -0.00569445     -0.00629381
     -0.00618486     -0.00592597
     -0.00840404     -0.00857337
     -0.00755212     -0.00728997
     -0.00259259     -0.00231676
     -0.00625139     -0.00653834
     -0.00254553     -0.00258224
      -0.0026613     -0.00263341
     -0.00193467     -0.00190677
     -0.00488463     -0.00515164
     -0.00225724     -0.00193516
     -0.00523825     -0.00535261
      -0.0066828     -0.00672715
     -0.00456512     -0.00423082
      -0.0127746      -0.0135532
     -0.00403326     -0.00407355
     -0.00438515     -0.00446491
     -0.00986185      -0.0103639
      -0.0105809      -0.0109254
     -0.00399235     -0.00395157
      -0.0041658     -0.00426993
     -0.00150109      -0.0014508
     -0.00842471     -0.00850284
     -0.00171094     -0.00167246
     -0.00513104     -0.00488381
      -0.0105482      -0.0104173
     -0.00362011     -0.00353549
      -0.0038854     -0.00367641
     -0.00377947     -0.00372305
       -0.011458      -0.0114389
     -0.00158114     -0.00144657
     -0.00728105     -0.00725543
     -0.00955963      -0.0101877
     -0.00287345     -0.00302535
     -0.00408055      -0.0039613
     -0.00463565     -0.00449571
     -0.00341582     -0.00324086
     -0.00130593     -0.00131729
     -0.00442314     -0.00441225
     -0.00808761     -0.00801196
      -0.0108991      -0.0117535
     -0.00188241     -0.00176115
     -0.00638844     -0.00660853
     -0.00153768      -0.0013958
     -0.00165486      -0.0015099
     -0.00393503     -0.00398785
     -0.00217602     -0.00222438
     -0.00167601      -0.0016725
     -0.00510106     -0.00562697
     -0.00445303     -0.00433127
     -0.00268084     -0.00275408
     -0.00133312     -0.00134135
     -0.00211713     -0.00204951
     -0.00502664     -0.00509967
     -0.00979578       -0.010681
     -0.00606925     -0.00636464
     -0.00383568     -0.00395608
     -0.00728055     -0.00733774
     -0.00554367     -0.00535369
     -0.00156886     -0.00144674
     -0.00315107     -0.00301623
      -0.0109115      -0.0110836
     -0.00444182     -0.00438632
     -0.00418823     -0.00411176
     -0.00536331     -0.00543291
     -0.00293733     -0.00281808
     -0.00172399     -0.00172017
     -0.00539325     -0.00555073
      -0.0110898      -0.0112493
     -0.00165032      -0.0016517
     -0.00185997     -0.00183271
     -0.00183264     -0.00184909
     -0.00202612     -0.00190735
     -0.00547759     -0.00545198
       -0.011174       -0.012162
      -0.0121009      -0.0128888
     -0.00194528     -0.00196912
     -0.00228131     -0.00211865
     -0.00283552     -0.00282149
     -0.00479842     -0.00509244
     -0.00139749     -0.00132529
     -0.00211215     -0.00219809
     -0.00746243     -0.00791775
     -0.00857677     -0.00804995
     -0.00972708      -0.0097938
      -0.0107603      -0.0108416
      -0.0100779     -0.00978024
     -0.00363716     -0.00338753
     -0.00453065     -0.00480174
     -0.00202964      -0.0019132
     -0.00385964     -0.00386887
     -0.00231531     -0.00222293
     -0.00205788     -0.00205475
     -0.00640481     -0.00634484
     -0.00241298     -0.00250453
      -0.0025183     -0.00242057
     -0.00375031     -0.00380611
     -0.00389397     -0.00372531
     -0.00425344     -0.00401775
     -0.00203414     -0.00215333
     -0.00147291      -0.0014732
     -0.00554278     -0.00536127
     -0.00760058     -0.00749481
     -0.00715156      -0.0074712
     -0.00108612     -0.00107402
      -0.0107329      -0.0118554
     -0.00452307      -0.0044859
     -0.00665915     -0.00671181
     -0.00404342     -0.00409041
      -0.0122857      -0.0123152
     -0.00201514     -0.00186747
      -0.0102828      -0.0101446
      -0.0147425      -0.0144527
     -0.00455008     -0.00459063
     -0.00222401     -0.00224865
     -0.00541022     -0.00546901
     -0.00945315     -0.00891796
     -0.00152649      -0.0014526
     -0.00156535     -0.00139624
     -0.00241178     -0.00231388
     -0.00262742     -0.00262617
     -0.00173593     -0.00172509
     -0.00334352     -0.00321664
     -0.00378618     -0.00377142
     -0.00146699     -0.00148484
       -0.014371      -0.0148461
     -0.00350051      -0.0035833
     -0.00246616     -0.00243284
     -0.00583031     -0.00532114
       -0.001387     -0.00140075
      -0.0195046      -0.0200495
      -0.0170448      -0.0170877
     -0.00185274     -0.00189719
     -0.00356406     -0.00349639
       -0.011019      -0.0108293
     -0.00231992     -0.00232754
     -0.00550909     -0.00545357
      -0.0034714     -0.00345995
     -0.00182171     -0.00173708
    -0.000858507     -0.00082939
     -0.00890713     -0.00965513
      -0.0018987     -0.00190923
     -0.00152634     -0.00150313
       -0.011938      -0.0125345
     -0.00919541     -0.00972081
       -0.012157      -0.0122298
     -0.00228856     -0.00237498
     -0.00194666     -0.00186829
     -0.00608578     -0.00606853
     -0.00380442     -0.00354848
     -0.00167103      -0.0017165
     -0.00202172     -0.00197416
     -0.00318265     -0.00343437
     -0.00840227     -0.00841879
     -0.00611073     -0.00618961
     -0.00117832     -0.00110723
     -0.00262327     -0.00256723
     -0.00282466     -0.00295754
     -0.00338536     -0.00318041
     -0.00335518     -0.00346672
     -0.00280876     -0.00259355
     -0.00165414     -0.00168797
     -0.00393485     -0.00376671
     -0.00154301      -0.0014507
      -0.0084496     -0.00837284
      -0.0109016      -0.0111138
     -0.00939081     -0.00960781
     -0.00112302     -0.00108796
     -0.00162123     -0.00148704
       -0.003472     -0.00333689
     -0.00264237     -0.00260921
       -0.014204      -0.0145355
     -0.00153332     -0.00137381
     -0.00201681     -0.00189338
      -0.0052893     -0.00528042
     -0.00596446     -0.00553761
      -0.0052199     -0.00528226
      -0.0034611     -0.00339931
     -0.00150105     -0.00149177
     -0.00234695      -0.0021485
     -0.00394609     -0.00398077
      -0.0077108     -0.00794005
     -0.00702535     -0.00736681
     -0.00230231     -0.00228751
     -0.00258536     -0.00248417
     -0.00149585     -0.00144792
      -0.0024433      -0.0024621
     -0.00169704     -0.00164217
     -0.00324324     -0.00320844
     -0.00397457     -0.00387124
     -0.00212998     -0.00193781
     -0.00560841     -0.00616654
     -0.00233189     -0.00214849
     -0.00606946     -0.00648698
     -0.00546148     -0.00583073
     -0.00559417     -0.00521762
      -0.0029564     -0.00309361
     -0.00564349     -0.00600818
     -0.00242706     -0.00234209
     -0.00370972     -0.00367292
     -0.00306756     -0.00323128
     -0.00252158     -0.00250849
     -0.00644551     -0.00667052
     -0.00605369     -0.00631617
     -0.00944084     -0.00926314
     -0.00515979      -0.0052692
     -0.00347425      -0.0036821
     -0.00180153     -0.00188174
     -0.00702159     -0.00743088
     -0.00116231     -0.00115242
     -0.00340839     -0.00340062
      -0.0110954      -0.0111655
     -0.00595902       -0.005643
     -0.00785676     -0.00778954
     -0.00127734     -0.00122389
     -0.00241712     -0.00237403
     -0.00959595     -0.00956719
     -0.00176274     -0.00166474
     -0.00186415     -0.00177882
       -0.010537      -0.0107864
     -0.00122619     -0.00119665
     -0.00357561     -0.00355958
     -0.00185413     -0.00186054
     -0.00817219     -0.00874469
      -0.0192054      -0.0192878
     -0.00269685     -0.00277095
     -0.00167787     -0.00157456
     -0.00293563     -0.00293098
     -0.00931959     -0.00909926
     -0.00160788     -0.00153697
     -0.00183563     -0.00181805
     -0.00216934     -0.00220159
       -0.016619      -0.0181764
     -0.00348515     -0.00368946
     -0.00662893     -0.00648759
     -0.00179704     -0.00185197
     -0.00718972     -0.00754956
     -0.00108852     -0.00104256
     -0.00524539      -0.0049489
     -0.00140606     -0.00137319
     -0.00501259     -0.00496335
     -0.00403821     -0.00425233
     -0.00232862     -0.00219256
     -0.00104998    -0.000971857
     -0.00611841     -0.00595916
     -0.00197721     -0.00209078
     -0.00128692     -0.00127321
     -0.00637616     -0.00676667
     -0.00738549     -0.00735767
     -0.00490011     -0.00473901
      -0.0179409      -0.0182347
      -0.0126012      -0.0130675
     -0.00147797     -0.00137588
     -0.00726029     -0.00749075
     -0.00287298     -0.00272004
     -0.00101518    -0.000965876
     -0.00159953     -0.00162693
     -0.00226913     -0.00220122
      -0.0154073      -0.0152366
     -0.00658119     -0.00687341
     -0.00524964     -0.00547905
     -0.00759018     -0.00777836
     -0.00126017     -0.00120031
     -0.00281545     -0.00273376
     -0.00594226     -0.00558257
    -0.000970995    -0.000939958
     -0.00463162     -0.00453194
     -0.00449332      -0.0046777
     -0.00907586     -0.00892224
     -0.00554814     -0.00586307
      -0.0105534       -0.010789
     -0.00683491     -0.00649625
     -0.00482541     -0.00522428
       -0.014657      -0.0147704
     -0.00708954     -0.00702758
      -0.0034327     -0.00356388
     -0.00319874      -0.0032049
      -0.0037577     -0.00358591
      -0.0101777     -0.00993891
     -0.00380253     -0.00396146
     -0.00239954     -0.00244044
     -0.00787542      -0.0081568
     -0.00246376     -0.00254685
     -0.00291534     -0.00288033
     -0.00504839      -0.0051986
     -0.00114946     -0.00114982
     -0.00149514      -0.0014268
     -0.00213995     -0.00222777
     -0.00320075     -0.00321529
     -0.00260224     -0.00268133
      -0.0184073      -0.0185343
      -0.0025098     -0.00232313
     -0.00800995     -0.00764575
       -0.001826     -0.00182289
     -0.00136789     -0.00128075
     -0.00283978     -0.00285025
      -0.0074114     -0.00764234
     -0.00302052      -0.0029559
     -0.00822396     -0.00885419
     -0.00896791     -0.00955081
      -0.0191799      -0.0198395
     -0.00103176    -0.000947423
     -0.00154077     -0.00152707
      -0.0041633     -0.00413089
     -0.00896078     -0.00950999
     -0.00199183     -0.00183893
      -0.0033674     -0.00352212
     -0.00263053     -0.00257294
      -0.0022681     -0.00222155
     -0.00211989     -0.00202002
     -0.00311511     -0.00302848
     -0.00652964     -0.00697792
     -0.00335839     -0.00345746
     -0.00534255      -0.0057444
      -0.0015919     -0.00158786
     -0.00176992     -0.00162774
      -0.0105793      -0.0103332
     -0.00267635     -0.00266761
     -0.00133519     -0.00130291
     -0.00970858     -0.00994602
     -0.00167912     -0.00168608
     -0.00294167     -0.00291683
     -0.00557703      -0.0059508
     -0.00151005     -0.00128711
     -0.00168124     -0.00166715
     -0.00227312     -0.00229979
     -0.00868549     -0.00845688
     -0.00158753     -0.00148991
     -0.00539937     -0.00572887
     -0.00235737     -0.00241009
     -0.00216367     -0.00222311
     -0.00204955     -0.00206339
     -0.00298421     -0.00280443
     -0.00190405     -0.00193792
      -0.0100463      -0.0107025
     -0.00499385     -0.00510278
      -0.0107873      -0.0113804
     -0.00738516      -0.0075875
     -0.00566553     -0.00569215
     -0.00589209      -0.0059599
     -0.00482071     -0.00466851
     -0.00145267     -0.00144483
     -0.00999371     -0.00995444
     -0.00794525     -0.00802591
      -0.0196007      -0.0197934
     -0.00201935     -0.00198817
     -0.00222551     -0.00219972
      -0.0045843     -0.00479643
     -0.00249865     -0.00258859
      -0.0139027      -0.0135588
     -0.00945207     -0.00944821
     -0.00272364     -0.00281657
     -0.00598023     -0.00612101
     -0.00564238     -0.00545165
     -0.00468779     -0.00462873
     -0.00198318     -0.00199983
      -0.0191192      -0.0191751
     -0.00253226     -0.00239808
     -0.00163214     -0.00158005
     -0.00462818     -0.00454499
     -0.00954604     -0.00982505
     -0.00934564     -0.00919065
     -0.00157142      -0.0015804
     -0.00129232     -0.00117326
      -0.0027816     -0.00270774
      -0.0100203     -0.00988221
     -0.00150157     -0.00146345
     -0.00248328     -0.00253468
      -0.0069998     -0.00770581
     -0.00557971     -0.00576568
      -0.0120327      -0.0124758
     -0.00256139     -0.00256036
     -0.00833382     -0.00849345
     -0.00152304     -0.00153718
     -0.00169444     -0.00161763
      -0.0051051     -0.00549359
     -0.00606231     -0.00605608
     -0.00107931     -0.00101011
      -0.0105369      -0.0117374
     -0.00218571     -0.00203603
      -0.0033678      -0.0033326
     -0.00879188     -0.00951777
     -0.00191714     -0.00176731
      -0.0024059     -0.00234573
      -0.0239244      -0.0242479
     -0.00474953     -0.00490025
     -0.00112436     -0.00110099
     -0.00444047     -0.00421536
     -0.00171113     -0.00174998
     -0.00349182     -0.00333088
     -0.00168427     -0.00159722
      -0.0033321      -0.0032507
     -0.00439442     -0.00450085
     -0.00651304     -0.00686881
     -0.00230809     -0.00208142
     -0.00952964      -0.0091451
     -0.00395653     -0.00416832
     -0.00344289     -0.00339437
     -0.00535357     -0.00506209
     -0.00528303     -0.00580512
     -0.00186569     -0.00175428
     -0.00106493     -0.00102906
     -0.00331012     -0.00338281
     -0.00374622      -0.0038849
     -0.00159738     -0.00154368
     -0.00358296     -0.00346713
     -0.00421186     -0.00442573
     -0.00319813     -0.00312837
      -0.0015344     -0.00137854
     -0.00146424     -0.00140815
     -0.00411202      -0.0041603
     -0.00725127     -0.00697851
     -0.00366808     -0.00353917
     -0.00358708     -0.00343693
     -0.00206355     -0.00194587
      -0.0118093      -0.0117529
     -0.00173093     -0.00178306
     -0.00196531     -0.00203569
     -0.00316467     -0.00314699
     -0.00370215     -0.00351118
     -0.00154841     -0.00147382
     -0.00140129     -0.00128575
     -0.00535729     -0.00532512
      -0.0060504       -0.006047
      -0.0117047      -0.0113946
    -0.000786278    -0.000751344
     -0.00508016     -0.00525807
     -0.00160919     -0.00156555
     -0.00446341     -0.00462597
     -0.00212355     -0.00215625
      -0.0133101      -0.0129618
     -0.00572856     -0.00596548
     -0.00185289      -0.0018543
     -0.00213362     -0.00219721
     -0.00348979     -0.00344662
       -0.014043      -0.0140161
     -0.00248565     -0.00242683
     -0.00203002     -0.00191249
     -0.00133859     -0.00126812
     -0.00233993     -0.00239131
     -0.00187388     -0.00192237
     -0.00674091     -0.00697232
     -0.00123031     -0.00120024
     -0.00265189       -0.002566
      -0.0033957     -0.00366244
     -0.00424587     -0.00384227
     -0.00108301     -0.00107609
     -0.00475875     -0.00454511
     -0.00440558     -0.00450492
     -0.00473621     -0.00485768
     -0.00280713     -0.00292583
     -0.00353457     -0.00331239
     -0.00189492     -0.00189717
     -0.00183719     -0.00168767
     -0.00267934     -0.00261989
      -0.0024102     -0.00253806
     -0.00469535     -0.00475589
     -0.00436398     -0.00444389
      -0.0031882     -0.00324956
     -0.00190097     -0.00183359
     -0.00550734     -0.00556614
     -0.00654248      -0.0068457
     -0.00188239     -0.00190343
     -0.00253157     -0.00248574
     -0.00305591     -0.00297609
     -0.00641202     -0.00644771
     -0.00194414     -0.00197425
      -0.0013525     -0.00128822
      -0.0053506     -0.00528065
     -0.00302528     -0.00315337
     -0.00366564     -0.00366502
     -0.00188692      -0.0017932
     -0.00944647     -0.00945591
     -0.00307104     -0.00268234
     -0.00933723     -0.00947864
     -0.00117679     -0.00116085
     -0.00282922      -0.0028074
     -0.00199839     -0.00201962
      -0.0013556      -0.0013629
     -0.00748588     -0.00725392
     -0.00224914     -0.00226423
     -0.00961639     -0.00975347
     -0.00134911      -0.0013095
     -0.00430015     -0.00427528
     -0.00214079     -0.00217416
     -0.00333662     -0.00355647
       -0.010203      -0.0104749
     -0.00675339     -0.00678373
     -0.00384724     -0.00377716
     -0.00355267     -0.00322522
     -0.00683721     -0.00715024
     -0.00440485     -0.00412966
      -0.0107726      -0.0106192
     -0.00511555     -0.00501589
      -0.0109753      -0.0108025
     -0.00329817     -0.00325956
     -0.00773397     -0.00733394
     -0.00124492     -0.00120142
      -0.0118375      -0.0123238
     -0.00366243     -0.00349617
     -0.00310763     -0.00309794
     -0.00173803     -0.00164715
      -0.0136817      -0.0142257
     -0.00375193     -0.00337205
     -0.00586495     -0.00549305
     -0.00273148     -0.00276541
      -0.0107368      -0.0108666
     -0.00479696     -0.00512476
      -0.0174813      -0.0178997
     -0.00477522     -0.00523768
      -0.0069365     -0.00667546
     -0.00165447     -0.00154496
     -0.00307304     -0.00287865
     -0.00381366     -0.00392172
      -0.0134454      -0.0138303
     -0.00239692     -0.00249761
     -0.00199199     -0.00193887
     -0.00600394     -0.00592499
     -0.00346487     -0.00356782
     -0.00323101     -0.00317837
     -0.00344301     -0.00334017
     -0.00263742     -0.00260507
     -0.00474496     -0.00447686
      -0.0123947      -0.0124469
      -0.0155624      -0.0155097
     -0.00152633     -0.00156798
     -0.00308895     -0.00274433
     -0.00192069     -0.00178922
     -0.00233519     -0.00223514
     -0.00205846     -0.00205426
     -0.00457906     -0.00463208
      -0.0145796      -0.0145465
     -0.00517195     -0.00532766
     -0.00245587     -0.00240118
     -0.00190945     -0.00163733
     -0.00864212     -0.00898061
     -0.00801877     -0.00830545
     -0.00407515     -0.00441576
     -0.00250617     -0.00228253
     -0.00615353     -0.00613984
     -0.00109053     -0.00106376
     -0.00147731     -0.00146952
     -0.00344458     -0.00319398
     -0.00529696     -0.00574602
     -0.00591029     -0.00612766
     -0.00204767     -0.00207647
     -0.00138423     -0.00139503
     -0.00352176     -0.00356529
     -0.00227443     -0.00214552
     -0.00634191     -0.00683538
      -0.0012643     -0.00128099
      -0.0018375     -0.00183663
     -0.00153608     -0.00150291
      -0.0120522      -0.0127607
     -0.00379543     -0.00367434
      -0.0126829      -0.0130823
     -0.00401396      -0.0041086
      -0.0015108     -0.00150066
       -0.002416     -0.00254019
       -0.012394       -0.012639
     -0.00685193     -0.00728598
     -0.00121764     -0.00116065
     -0.00197228     -0.00195085
     -0.00847487     -0.00817489
     -0.00160459     -0.00161984
     -0.00206346     -0.00191844
     -0.00211304     -0.00207155
     -0.00241579      -0.0022531
     -0.00255789     -0.00270647
     -0.00212187      -0.0021385
     -0.00466294     -0.00475649
      -0.0141329      -0.0149261
     -0.00355404     -0.00359276
     -0.00249274     -0.00217175
     -0.00204616     -0.00211777
     -0.00370951     -0.00387253
      -0.0021589     -0.00189108
      -0.0187563      -0.0195102
     -0.00408392      -0.0040756
      -0.0175351      -0.0176621
     -0.00172254     -0.00180326
     -0.00784868      -0.0079991
     -0.00408385     -0.00439319
       -0.002929     -0.00277188
     -0.00153082     -0.00150017
     -0.00353322     -0.00347584
     -0.00272635     -0.00266039
       -0.004696     -0.00497914
     -0.00572919     -0.00579384
     -0.00243506     -0.00240496
      -0.0109599      -0.0110032
     -0.00661686     -0.00650758
      -0.0022841     -0.00229696
     -0.00118489     -0.00116745
     -0.00441464     -0.00434186
     -0.00543283     -0.00503624
      -0.0163614      -0.0170677
     -0.00380314      -0.0036915
     -0.00174592     -0.00164465
     -0.00154129     -0.00148529
     -0.00306495      -0.0032702
     -0.00234685     -0.00242397
     -0.00224726     -0.00206176
     -0.00947099     -0.00917875
     -0.00142608     -0.00144143
     -0.00181596     -0.00177301
     -0.00209855     -0.00207017
      -0.0137413      -0.0141013
     -0.00236496     -0.00222282
     -0.00393188     -0.00410436
     -0.00104888      -0.0010083
      -0.0013889     -0.00123682
     -0.00206445     -0.00190898
      -0.0028427     -0.00278428
     -0.00318197     -0.00331011
      -0.0060108     -0.00560878
     -0.00205034     -0.00205666
     -0.00127131     -0.00123463
     -0.00480978     -0.00518752
     -0.00343742     -0.00329794
     -0.00322029     -0.00315044
     -0.00341737     -0.00349669
     -0.00200909     -0.00210665
     -0.00163913     -0.00150647
      -0.0074112     -0.00756019
     -0.00151612     -0.00150669
     -0.00164544     -0.00163821
     -0.00217973     -0.00210008
     -0.00305531     -0.00311151
     -0.00383422     -0.00395203
     -0.00296148     -0.00280504
     -0.00474235     -0.00485964
     -0.00176931     -0.00178863
     -0.00575908     -0.00593617
     -0.00395876     -0.00377915
     -0.00238048      -0.0021744
     -0.00192726     -0.00192836
     -0.00890385     -0.00892739
      -0.0136564      -0.0140703
     -0.00569252      -0.0057361
     -0.00176611      -0.0017665
     -0.00387007     -0.00375956
     -0.00131123     -0.00129638
     -0.00208862     -0.00195899
        -0.00315     -0.00308216
     -0.00246202     -0.00251306
     -0.00307827     -0.00305144
     -0.00158869     -0.00160985
      -0.0121178      -0.0126332
      -0.0116936      -0.0114882
      -0.0100619      -0.0102165
     -0.00361982     -0.00397065
     -0.00967349     -0.00965042
     -0.00172952     -0.00167972
     -0.00410354     -0.00440231
     -0.00687574     -0.00657592
     -0.00804239     -0.00786374
     -0.00109168     -0.00107913
     -0.00334286     -0.00325312
     -0.00267641     -0.00260583
     -0.00403851     -0.00341725
     -0.00481599     -0.00491981
     -0.00336529      -0.0034829
     -0.00320358     -0.00311311
     -0.00322048     -0.00296944
      -0.0168302      -0.0166031
     -0.00183728     -0.00180961
     -0.00155607     -0.00150667
     -0.00730573     -0.00743251
     -0.00596895     -0.00596019
     -0.00877413     -0.00900979
      -0.0016084     -0.00157806
      -0.0068212     -0.00694527
     -0.00360918     -0.00362569
      -0.0124242      -0.0127467
     -0.00254133     -0.00260052
      -0.0129516      -0.0134188
     -0.00119116     -0.00107819
      -0.0024487     -0.00257846
      -0.0107779      -0.0105027
     -0.00372688     -0.00371564
     -0.00680966     -0.00718674
     -0.00350873      -0.0035128
     -0.00541895      -0.0055456
     -0.00714559     -0.00690878
      -0.0117123      -0.0117881
     -0.00511937     -0.00500169
     -0.00251661     -0.00235684
      -0.0079837     -0.00803374
     -0.00985036     -0.00982279
     -0.00627361     -0.00644986
    -0.000968784    -0.000908998
     -0.00159823     -0.00156473
     -0.00491295      -0.0050251
     -0.00373144     -0.00359007
     -0.00512773     -0.00471968
     -0.00237983     -0.00235751
     -0.00227791     -0.00217745
      -0.0131425      -0.0134669
     -0.00142525     -0.00135204
     -0.00160849     -0.00153033
    -0.000928816    -0.000828668
     -0.00792893     -0.00771874
     -0.00611879     -0.00628856
     -0.00282656     -0.00279199
     -0.00202371     -0.00189237
     -0.00171913     -0.00167139
      -0.0107563      -0.0107701
      -0.0205934      -0.0205073
     -0.00758276     -0.00729159
     -0.00486552     -0.00469354
     -0.00104748     -0.00102982
     -0.00477817     -0.00445005
     -0.00500745     -0.00502487
     -0.00140497     -0.00131716
     -0.00295331     -0.00292574
     -0.00368919     -0.00386072
     -0.00822134     -0.00872446
     -0.00332504     -0.00338713
     -0.00248933     -0.00247221
     -0.00554344     -0.00554923
     -0.00210815     -0.00211838
     -0.00391697     -0.00390322
      -0.0043658     -0.00431359
     -0.00169671     -0.00174526
     -0.00128241     -0.00112973
     -0.00686813     -0.00710784
     -0.00264053     -0.00257824
     -0.00937151       -0.010154
      -0.0246028      -0.0253508
     -0.00543917     -0.00507224
     -0.00327397     -0.00309373
      -0.0021669     -0.00219437
      -0.0030113     -0.00267028
     -0.00194303     -0.00195826
     -0.00443005     -0.00416832
     -0.00595995     -0.00586323
     -0.00262945     -0.00271285
     -0.00470698      -0.0045245
      -0.0152618      -0.0167994
     -0.00170177     -0.00158995
     -0.00437778     -0.00453571
      -0.0125835      -0.0124301
     -0.00427136     -0.00438126
     -0.00451275     -0.00450218
     -0.00890896     -0.00964094
      -0.0119632      -0.0121861
     -0.00151017     -0.00142717
      -0.0024741     -0.00249089
     -0.00331384     -0.00313263
     -0.00949555     -0.00980805
     -0.00275921     -0.00295978
     -0.00171914      -0.0017414
     -0.00279079     -0.00273066
     -0.00712293     -0.00708984
      -0.0102292     -0.00972109
     -0.00423044     -0.00441571
     -0.00663376      -0.0073015
     -0.00464341     -0.00470336
     -0.00871085     -0.00856479
     -0.00683575     -0.00728353
     -0.00481116     -0.00499941
     -0.00192584     -0.00192311
     -0.00300629      -0.0029332
      -0.0105334      -0.0105207
      -0.0301414      -0.0312316
      -0.0019142     -0.00186852
     -0.00165237     -0.00165446
       -0.013228      -0.0125372
     -0.00155189     -0.00152129
       -0.009796     -0.00958786
     -0.00121995     -0.00121422
     -0.00338445     -0.00311251
     -0.00510128     -0.00505945
     -0.00212207     -0.00212129
     -0.00216315     -0.00211415
     -0.00547643     -0.00560114
     -0.00327087     -0.00298616
     -0.00618917      -0.0061003
     -0.00181768     -0.00160422
     -0.00340022     -0.00341615
     -0.00750289     -0.00734447
      -0.0135299      -0.0138907
     -0.00175701     -0.00171272
     -0.00899853     -0.00905665
     -0.00142874     -0.00142236
     -0.00210859     -0.00206792
     -0.00355752     -0.00376368
     -0.00890833     -0.00883775
     -0.00632626     -0.00651381
     -0.00151724     -0.00141692
     -0.00415769     -0.00401839
     -0.00698127     -0.00697813
     -0.00160333      -0.0014944
     -0.00209751     -0.00205075
      -0.0023327     -0.00227058
     -0.00900499      -0.0100696
     -0.00364619     -0.00358899
     -0.00180179     -0.00173357
     -0.00258606     -0.00259219
     -0.00206486     -0.00192988
     -0.00183086     -0.00174044
     -0.00389543     -0.00385165
     -0.00281364     -0.00264695
      -0.0025807      -0.0024297
     -0.00216571     -0.00216574
      -0.0173815      -0.0178259
     -0.00513208     -0.00498861
     -0.00706909     -0.00715008
     -0.00575107     -0.00557198
     -0.00266849     -0.00267294
      -0.0152168      -0.0152109
     -0.00937752      -0.0093162
     -0.00822028     -0.00792779
     -0.00147124     -0.00150555
     -0.00453101     -0.00469917
      -0.0081066     -0.00856667
     -0.00183456     -0.00179287
     -0.00316596     -0.00334216
      -0.0024915     -0.00229952
      -0.0230825      -0.0245672
     -0.00660849     -0.00663282
      -0.0012623     -0.00125322
     -0.00178964     -0.00177542
     -0.00172441     -0.00167071
     -0.00367299     -0.00320655
     -0.00224931     -0.00217615
     -0.00459746     -0.00453464
     -0.00568068     -0.00591279
     -0.00365166     -0.00353455
     -0.00615699     -0.00626558
      -0.0137476       -0.013408
     -0.00277198     -0.00252195
     -0.00478563     -0.00486645
     -0.00580603     -0.00585629
     -0.00353004     -0.00361878
      -0.0108504      -0.0106183
     -0.00169651     -0.00168682
     -0.00727788     -0.00687881
     -0.00889817      -0.0092134
     -0.00133959     -0.00127476
     -0.00188596     -0.00181104
      -0.0054824     -0.00566578
     -0.00637744     -0.00647688
     -0.00167144      -0.0016606
     -0.00516809      -0.0055057
      -0.0104476      -0.0102856
     -0.00300761     -0.00319125
      -0.0027279     -0.00266099
     -0.00555573     -0.00522384
     -0.00207285      -0.0020762
     -0.00442822     -0.00431481
     -0.00276182     -0.00277213
     -0.00320305     -0.00314555
     -0.00392632     -0.00378857
      -0.0038164     -0.00363614
      -0.0125111      -0.0126818
     -0.00399371     -0.00409323
     -0.00269649     -0.00258024
     -0.00594923     -0.00629893
     -0.00680543      -0.0069888
      -0.0151374      -0.0153815
     -0.00167389      -0.0015841
     -0.00873567     -0.00869632
     -0.00409496     -0.00412068
     -0.00737862     -0.00728008
      -0.0130937      -0.0128694
      -0.0114029      -0.0118337
     -0.00126239     -0.00112107
      -0.0219041      -0.0237897
     -0.00652379     -0.00643267
     -0.00234305     -0.00234073
     -0.00312636     -0.00306873
     -0.00799209      -0.0078067
      -0.0059786     -0.00576193
     -0.00247449     -0.00264825
      -0.0128683      -0.0128929
     -0.00178865     -0.00176075
     -0.00267161     -0.00266444
     -0.00338494     -0.00356237
     -0.00889118     -0.00932926
     -0.00289811     -0.00286821
     -0.00696943      -0.0072273
      -0.0114364      -0.0111849
     -0.00483007     -0.00505449
     -0.00153206     -0.00148123
     -0.00473901     -0.00503268
     -0.00281498     -0.00267127
     -0.00237532     -0.00233208
     -0.00175486     -0.00178612
     -0.00154814      -0.0015584
     -0.00523959     -0.00547359
     -0.00595045     -0.00603757
     -0.00292209     -0.00299428
     -0.00754034     -0.00761035
     -0.00633515     -0.00657011
     -0.00173962     -0.00167769
      -0.0112886      -0.0114889
     -0.00201101     -0.00198237
     -0.00603933     -0.00646463
      -0.0213793       -0.021149
     -0.00189823     -0.00189943
     -0.00594894     -0.00616363
      -0.0100584      -0.0103018
      -0.0017207     -0.00161547
     -0.00256595     -0.00255822
     -0.00562737     -0.00585337
      -0.0168139       -0.017444
      -0.0190404      -0.0192539
     -0.00200356     -0.00205657
     -0.00197639     -0.00178804
     -0.00161287     -0.00164021
    -0.000994519    -0.000914286
     -0.00158847      -0.0015979
     -0.00333728     -0.00314999
     -0.00767892     -0.00771421
     -0.00186975     -0.00190684
     -0.00114895     -0.00114737
     -0.00576186     -0.00556122
     -0.00340111     -0.00350819
      -0.0102171      -0.0107262
      -0.0162142      -0.0164117
     -0.00447255     -0.00464131
     -0.00532631      -0.0057171
     -0.00286687     -0.00285236
